family,model,dim,cfg,kernel,split,c_selected,c_cv_score,fit_seconds,accuracy,balanced_accuracy,f1_macro,f1_pos,roc_auc,pr_auc,log_loss,brier,ece,mean_predictive_entropy
classical_ext,svc,4,linear__svc__d4,linear,id_val,100.0,0.8508087888073625,0.017000436782836914,0.864,0.8656103662839182,0.8639912954429083,0.8629032258064516,0.891333632689717,0.853590572731044,,,,
classical_ext,svc,4,linear__svc__d4,linear,id_test,100.0,0.8508087888073625,0.017000436782836914,0.868,0.8705818205144653,0.8679809892624537,0.8695652173913043,0.8910770415036243,0.8757447631813419,,,,
classical_ext,svc,4,linear__svc__d4,linear,ood_test,100.0,0.8508087888073625,0.017000436782836914,0.718,0.7171979006656426,0.714795441581611,0.6845637583892618,0.7147337429595494,0.6404474498193706,,,,
classical_ext,gpc,4,linear__gpc__d4,linear,id_val,,,0.5571079254150391,0.672,0.6700878824812367,0.6702907874420998,0.646551724137931,0.833728911411893,0.8536395768312655,0.5276501184678636,0.17770107838232593,0.23367265425635586,0.5909474933076587
classical_ext,gpc,4,linear__gpc__d4,linear,id_test,,,0.5571079254150391,0.684,0.6826929244980435,0.6828582898434363,0.6638297872340425,0.841170055808583,0.8630243052587464,0.5211038886354433,0.17545931913850543,0.21293177504811778,0.583113511279304
classical_ext,gpc,4,linear__gpc__d4,linear,ood_test,,,0.5571079254150391,0.646,0.6450332821300564,0.6402892318447675,0.5949656750572082,0.629976318484383,0.6102855201072284,0.6363969718347213,0.2251504649485631,0.16802593919246725,0.5388200359822753
classical_ext,svc,4,rbf_gscale__svc__d4,rbf_gscale,id_val,1.0,0.896128238170764,0.0069615840911865234,0.892,0.8969465648854962,0.8916097952629466,0.8981132075471698,0.9316184489062801,0.8842135261733005,,,,
classical_ext,svc,4,rbf_gscale__svc__d4,rbf_gscale,id_test,1.0,0.896128238170764,0.0069615840911865234,0.876,0.8812945025338379,0.8754239603928566,0.8838951310861424,0.9380973763551221,0.8662830799141382,,,,
classical_ext,svc,4,rbf_gscale__svc__d4,rbf_gscale,ood_test,1.0,0.896128238170764,0.0069615840911865234,0.904,0.9047299027137736,0.9033178104706812,0.9114391143911439,0.9134344598054276,0.8753816102771437,,,,
classical_ext,gpc,4,rbf_gscale__gpc__d4,rbf_gscale,id_val,,,0.7526865005493164,0.892,0.8969465648854962,0.8916097952629466,0.8981132075471698,0.9648470075052922,0.9592066554676744,0.254188949952707,0.07471253104293972,0.06947558312575065,0.36137457019445846
classical_ext,gpc,4,rbf_gscale__gpc__d4,rbf_gscale,id_test,,,0.7526865005493164,0.876,0.8812945025338379,0.8754239603928566,0.8838951310861424,0.963820642760921,0.9581210888734103,0.2693733759948574,0.08136897959929916,0.08459510319582117,0.360761843268382
classical_ext,gpc,4,rbf_gscale__gpc__d4,rbf_gscale,ood_test,,,0.7526865005493164,0.872,0.8726638504864311,0.8712563768325849,0.8810408921933085,0.8599750384024578,0.7203166948535011,0.3694108239216906,0.11167281188351677,0.13012446118624577,0.38631591764183404
classical_ext,svc,4,poly2__svc__d4,poly2,id_val,10.0,0.896128238170764,0.008000850677490234,0.892,0.8969465648854962,0.8916097952629466,0.8981132075471698,0.9453460773622426,0.9182343117659859,,,,
classical_ext,svc,4,poly2__svc__d4,poly2,id_test,10.0,0.896128238170764,0.008000850677490234,0.876,0.8812945025338379,0.8754239603928566,0.8838951310861424,0.9239848611200205,0.8672702607369569,,,,
classical_ext,svc,4,poly2__svc__d4,poly2,ood_test,10.0,0.896128238170764,0.008000850677490234,0.902,0.9026817716333846,0.901400118319858,0.9090909090909091,0.9002976190476191,0.8309568238957761,,,,
classical_ext,gpc,4,poly2__gpc__d4,poly2,id_val,,,0.5968685150146484,0.884,0.8862338828661236,0.8839981439703035,0.8844621513944223,0.960420809545192,0.9534462633718063,0.31186519168580457,0.08913777809595369,0.11537393485342369,0.4555136719843485
classical_ext,gpc,4,poly2__gpc__d4,poly2,id_test,,,0.5968685150146484,0.872,0.8751683879658734,0.8719262295081966,0.875,0.9493873885432036,0.9417741135409821,0.32830879367517274,0.09657509506416943,0.10451306530559867,0.45251612548712683
classical_ext,gpc,4,poly2__gpc__d4,poly2,ood_test,,,0.5968685150146484,0.67,0.6695788530465949,0.668886132951248,0.6496815286624203,0.8123399897593446,0.703323352595034,0.5112641606718753,0.17580767355534965,0.19398445439203552,0.4603596877771179
classical_ext,svc,4,poly3__svc__d4,poly3,id_val,10.0,0.896128238170764,0.014485836029052734,0.892,0.8969465648854962,0.8916097952629466,0.8981132075471698,0.9469497722753224,0.9135635736172885,,,,
classical_ext,svc,4,poly3__svc__d4,poly3,id_test,10.0,0.896128238170764,0.014485836029052734,0.876,0.8812945025338379,0.8754239603928566,0.8838951310861424,0.9397010712682019,0.8806466773156568,,,,
classical_ext,svc,4,poly3__svc__d4,poly3,ood_test,10.0,0.896128238170764,0.014485836029052734,0.904,0.9046658986175116,0.9034422826244388,0.9107806691449815,0.9149065540194572,0.8733165052784897,,,,
classical_ext,gpc,4,poly3__gpc__d4,poly3,id_val,,,0.6226372718811035,0.9,0.9030406055551992,0.8999599839935974,0.9019607843137255,0.9624735390339342,0.95563684202768,0.2916601295928923,0.08305872195469424,0.09639110317537819,0.43133272937735295
classical_ext,gpc,4,poly3__gpc__d4,poly3,id_test,,,0.6226372718811035,0.888,0.8915902238758099,0.8878851944391057,0.8914728682170543,0.9518891526076079,0.9435416975722112,0.31042656851845213,0.09151576207643355,0.08884238899700084,0.42752874842681493
classical_ext,gpc,4,poly3__gpc__d4,poly3,ood_test,,,0.6226372718811035,0.708,0.7078853046594982,0.7078831532613046,0.7020408163265306,0.8209325396825397,0.711968233844543,0.4766086511690011,0.16038754373429684,0.18596508172297405,0.4478496819856134
classical_ext,svc,4,laplacian_med__svc__d4,laplacian_med,id_val,10.0,0.8980618855046465,0.007997989654541016,0.912,0.9144909872345885,0.9119943676395289,0.9126984126984127,0.9469497722753224,0.8904687096941759,,,,
classical_ext,svc,4,laplacian_med__svc__d4,laplacian_med,id_test,10.0,0.8980618855046465,0.007997989654541016,0.9,0.9038103791134775,0.8998702318204392,0.9034749034749034,0.9298864584001539,0.855727642294337,,,,
classical_ext,svc,4,laplacian_med__svc__d4,laplacian_med,ood_test,10.0,0.8980618855046465,0.007997989654541016,0.898,0.8985855094726063,0.8975537441093402,0.9043151969981238,0.9492127496159755,0.915447149399933,,,,
classical_ext,gpc,4,laplacian_med__gpc__d4,laplacian_med,id_val,,,0.7750899791717529,0.892,0.8969465648854962,0.8916097952629466,0.8981132075471698,0.9639489383539676,0.9575956252763194,0.25577107392101656,0.07450075930894332,0.07570862594301517,0.36825238893206536
classical_ext,gpc,4,laplacian_med__gpc__d4,laplacian_med,id_test,,,0.7750899791717529,0.876,0.8812945025338379,0.8754239603928566,0.8838951310861424,0.9649753030983386,0.9595677472676614,0.2678756031754348,0.08000897548495832,0.07157051165826434,0.3663521942105823
classical_ext,gpc,4,laplacian_med__gpc__d4,laplacian_med,ood_test,,,0.7750899791717529,0.892,0.8926651305683564,0.8913725679524935,0.8996282527881041,0.8536546338965694,0.7041811945326326,0.35779244843036745,0.10584843484703982,0.13212699444272402,0.3946391431162012
classical_ext,svc,4,matern15_med__svc__d4,matern15_med,id_val,10.0,0.8962884945810202,0.008995294570922852,0.892,0.8969465648854962,0.8916097952629466,0.8981132075471698,0.9579190454807878,0.9332130467105434,,,,
classical_ext,svc,4,matern15_med__svc__d4,matern15_med,id_test,10.0,0.8962884945810202,0.008995294570922852,0.88,0.8851112964269677,0.8795064584538268,0.8872180451127819,0.9434857912630702,0.8755050172574629,,,,
classical_ext,svc,4,matern15_med__svc__d4,matern15_med,ood_test,10.0,0.8962884945810202,0.008995294570922852,0.906,0.9066820276497696,0.9054246032863944,0.9128014842300557,0.9410202252944189,0.9187913635637879,,,,
classical_ext,gpc,4,matern15_med__gpc__d4,matern15_med,id_val,,,0.7891845703125,0.892,0.8969465648854962,0.8916097952629466,0.8981132075471698,0.9648470075052922,0.9593048800853176,0.261409707391303,0.07610041058229004,0.06301205557124576,0.37773929167910797
classical_ext,gpc,4,matern15_med__gpc__d4,matern15_med,id_test,,,0.7891845703125,0.876,0.8812945025338379,0.8754239603928566,0.8838951310861424,0.9639489383539674,0.9589804916326504,0.27672934397944493,0.08298197663273033,0.08059342221917115,0.3768865598772957
classical_ext,gpc,4,matern15_med__gpc__d4,matern15_med,ood_test,,,0.7891845703125,0.858,0.8588709677419355,0.8565070998670165,0.8711433756805808,0.8571428571428572,0.7168473365120229,0.3791053994097427,0.11590179050837573,0.13418728151333373,0.40315509156458074
classical_ext,svc,4,matern25_med__svc__d4,matern25_med,id_val,100.0,0.8966891356066615,0.012913942337036133,0.916,0.9198473282442747,0.915890994729169,0.918918918918919,0.9526589261658862,0.9064564837234367,,,,
classical_ext,svc,4,matern25_med__svc__d4,matern25_med,id_test,100.0,0.8966891356066615,0.012913942337036133,0.896,0.9003784719994868,0.8957598306498171,0.9007633587786259,0.9425877221117455,0.8663506057930395,,,,
classical_ext,svc,4,matern25_med__svc__d4,matern25_med,ood_test,100.0,0.8966891356066615,0.012913942337036133,0.906,0.9066180235535075,0.905537131946538,0.9121495327102803,0.958589349718382,0.9475660756223238,,,,
classical_ext,gpc,4,matern25_med__gpc__d4,matern25_med,id_val,,,0.9589378833770752,0.892,0.8969465648854962,0.8916097952629466,0.8981132075471698,0.9660658156392328,0.9606242729865357,0.2655366446125761,0.07662120383515121,0.08290427455775001,0.3882620104593492
classical_ext,gpc,4,matern25_med__gpc__d4,matern25_med,id_test,,,0.9589378833770752,0.876,0.8812945025338379,0.8754239603928566,0.8838951310861424,0.962088652254795,0.9568836311548166,0.2823064569841766,0.08407576746752479,0.103427624061516,0.38725961699977984
classical_ext,gpc,4,matern25_med__gpc__d4,matern25_med,ood_test,,,0.9589378833770752,0.834,0.8348374295954941,0.8323902762127472,0.848816029143898,0.847718253968254,0.7095597736796501,0.3982991643967751,0.12492545159760476,0.1372852307624845,0.41222273647596713
classical_ext,svc,4,rbf_gscale_x0.1__svc__d4,rbf_gscale_x0.1,id_val,100.0,0.8942852894528152,0.012245893478393555,0.888,0.8927448842132273,0.8876476630713919,0.8939393939393939,0.9385464109307845,0.8937009711943374,,,,
classical_ext,svc,4,rbf_gscale_x0.1__svc__d4,rbf_gscale_x0.1,id_test,100.0,0.8942852894528152,0.012245893478393555,0.872,0.877092821861569,0.871473555684082,0.8796992481203008,0.9409840271986658,0.8792366832968981,,,,
classical_ext,svc,4,rbf_gscale_x0.1__svc__d4,rbf_gscale_x0.1,ood_test,100.0,0.8942852894528152,0.012245893478393555,0.906,0.9066500256016385,0.9054824217414562,0.9124767225325885,0.9211789554531489,0.8858787485058142,,,,
classical_ext,gpc,4,rbf_gscale_x0.1__gpc__d4,rbf_gscale_x0.1,id_val,,,0.6300303936004639,0.884,0.8862338828661236,0.8839981439703035,0.8844621513944223,0.961062287510424,0.9551168220337077,0.34321433028827936,0.09809899477150655,0.14601347665156805,0.49308162510388154
classical_ext,gpc,4,rbf_gscale_x0.1__gpc__d4,rbf_gscale_x0.1,id_test,,,0.6300303936004639,0.876,0.8789851818590031,0.8759503801520608,0.8784313725490196,0.9477195458336006,0.9396582223113454,0.3602990909429884,0.10549962943938371,0.12639731241783952,0.492550262556744
classical_ext,gpc,4,rbf_gscale_x0.1__gpc__d4,rbf_gscale_x0.1,ood_test,,,0.6300303936004639,0.674,0.6735471070148489,0.6727420203261336,0.652452025586354,0.7990911418330775,0.6792222604827478,0.5465686759358638,0.1893956355204016,0.21148167946010082,0.4903740175902869
classical_ext,svc,4,rbf_gscale_x0.3__svc__d4,rbf_gscale_x0.3,id_val,10.0,0.8971699048374306,0.00948023796081543,0.888,0.8927448842132273,0.8876476630713919,0.8939393939393939,0.9385464109307845,0.8937866806500422,,,,
classical_ext,svc,4,rbf_gscale_x0.3__svc__d4,rbf_gscale_x0.3,id_test,10.0,0.8971699048374306,0.00948023796081543,0.872,0.877092821861569,0.871473555684082,0.8796992481203008,0.9405349926230034,0.8814781045104275,,,,
classical_ext,svc,4,rbf_gscale_x0.3__svc__d4,rbf_gscale_x0.3,ood_test,10.0,0.8971699048374306,0.00948023796081543,0.908,0.9086981566820276,0.9074074074074074,0.9148148148148149,0.9092261904761905,0.8706188930546455,,,,
classical_ext,gpc,4,rbf_gscale_x0.3__gpc__d4,rbf_gscale_x0.3,id_val,,,0.7922906875610352,0.888,0.8904355635383925,0.8879928315412187,0.8888888888888888,0.9626018346269806,0.956944589589455,0.2921048867922724,0.08302197924571184,0.09437249668621643,0.42716040668915456
classical_ext,gpc,4,rbf_gscale_x0.3__gpc__d4,rbf_gscale_x0.3,id_test,,,0.7922906875610352,0.872,0.8751683879658734,0.8719262295081966,0.875,0.954968246840721,0.9487217082873092,0.3116596567177414,0.09143720964190065,0.10448501765185314,0.42550675391394344
classical_ext,gpc,4,rbf_gscale_x0.3__gpc__d4,rbf_gscale_x0.3,ood_test,,,0.7922906875610352,0.706,0.705837173579109,0.7058011215581733,0.6981519507186859,0.8132840501792115,0.6948326271133756,0.47679077466197584,0.16165695778544958,0.1825830178531944,0.4416691859483849
classical_ext,svc,4,rbf_gscale_x3__svc__d4,rbf_gscale_x3,id_val,10.0,0.8976506740681998,0.009878873825073242,0.908,0.9122137404580153,0.9078215425062922,0.9118773946360154,0.9456026685483353,0.8920817371821971,,,,
classical_ext,svc,4,rbf_gscale_x3__svc__d4,rbf_gscale_x3,id_test,10.0,0.8976506740681998,0.009878873825073242,0.896,0.9003784719994868,0.8957598306498171,0.9007633587786259,0.941753800756944,0.8634614892328528,,,,
classical_ext,svc,4,rbf_gscale_x3__svc__d4,rbf_gscale_x3,ood_test,10.0,0.8976506740681998,0.009878873825073242,0.902,0.9026497695852534,0.9014603971347097,0.9087523277467412,0.9588933691756272,0.9475284944913632,,,,
classical_ext,gpc,4,rbf_gscale_x3__gpc__d4,rbf_gscale_x3,id_val,,,0.8224599361419678,0.896,0.9007633587786259,0.8956728299948639,0.9015151515151515,0.9602925139521458,0.9542007728523273,0.24916425493363356,0.07506522852214967,0.059889993229203076,0.33444644241950866
classical_ext,gpc,4,rbf_gscale_x3__gpc__d4,rbf_gscale_x3,id_test,,,0.8224599361419678,0.884,0.8889280903200976,0.88358089120835,0.8905660377358491,0.9655526332670473,0.9598303958742306,0.2610700627786061,0.08043682754793505,0.0567478565071417,0.3331317443564012
classical_ext,gpc,4,rbf_gscale_x3__gpc__d4,rbf_gscale_x3,ood_test,,,0.8224599361419678,0.894,0.8947132616487455,0.8932824310664911,0.9020332717190388,0.8653673835125447,0.724326214579035,0.33594177936856234,0.09655034961342009,0.11593560817772133,0.3607174217778238
classical_ext,svc,4,rbf_gscale_x10__svc__d4,rbf_gscale_x10,id_val,100.0,0.9009635996114451,0.014677286148071289,0.892,0.893867470652383,0.8919982719723516,0.891566265060241,0.9516967092180384,0.9450998226892112,,,,
classical_ext,svc,4,rbf_gscale_x10__svc__d4,rbf_gscale_x10,id_test,100.0,0.9009635996114451,0.014677286148071289,0.9,0.9038103791134775,0.8998702318204392,0.9034749034749034,0.953300404131118,0.9261080608496345,,,,
classical_ext,svc,4,rbf_gscale_x10__svc__d4,rbf_gscale_x10,ood_test,100.0,0.9009635996114451,0.014677286148071289,0.938,0.9382040450588838,0.9379799054893785,0.9390962671905697,0.9699500768049155,0.9397204588934471,,,,
classical_ext,gpc,4,rbf_gscale_x10__gpc__d4,rbf_gscale_x10,id_val,,,0.8067178726196289,0.904,0.9080120597857464,0.9038461538461539,0.9076923076923077,0.9615113220860864,0.953381505525769,0.24955481675012495,0.07509642200048187,0.07438231615230531,0.334722137892729
classical_ext,gpc,4,rbf_gscale_x10__gpc__d4,rbf_gscale_x10,id_test,,,0.8067178726196289,0.884,0.8889280903200976,0.88358089120835,0.8905660377358491,0.9635640515748285,0.9574656731477929,0.25951981609869396,0.07987539727721253,0.0640318947750882,0.3306203952879639
classical_ext,gpc,4,rbf_gscale_x10__gpc__d4,rbf_gscale_x10,ood_test,,,0.8067178726196289,0.912,0.9126664106502816,0.9114887590724021,0.9182156133828996,0.8861847158218126,0.7528783253030438,0.3232248283506442,0.09101186480932122,0.11569038406492846,0.36932461675496153
classical_ext,svc,4,laplacian_med_x0.1__svc__d4,laplacian_med_x0.1,id_val,10.0,0.9038124456241385,0.01044917106628418,0.9,0.9011161716595035,0.8999599839935974,0.8979591836734694,0.9353390211046251,0.8833064023976435,,,,
classical_ext,svc,4,laplacian_med_x0.1__svc__d4,laplacian_med_x0.1,id_test,10.0,0.9038124456241385,0.01044917106628418,0.888,0.8904355635383925,0.8879928315412187,0.8888888888888888,0.9260375906087625,0.8589046344265334,,,,
classical_ext,svc,4,laplacian_med_x0.1__svc__d4,laplacian_med_x0.1,ood_test,10.0,0.9038124456241385,0.01044917106628418,0.916,0.9161546338965694,0.9159879022579251,0.9169960474308301,0.9713101638504864,0.9613606971352158,,,,
classical_ext,gpc,4,laplacian_med_x0.1__gpc__d4,laplacian_med_x0.1,id_val,,,0.7726731300354004,0.904,0.907242286227468,0.9039446721311475,0.90625,0.9588812624286356,0.9481813977393295,0.2744720194473421,0.07902659103107482,0.0888516878913353,0.3966274388531731
classical_ext,gpc,4,laplacian_med_x0.1__gpc__d4,laplacian_med_x0.1,id_test,,,0.7726731300354004,0.88,0.8851112964269677,0.8795064584538268,0.8872180451127819,0.9620886522547951,0.9517831185875266,0.2786393573245699,0.0806815013846332,0.09181092076688226,0.3908157744320006
classical_ext,gpc,4,laplacian_med_x0.1__gpc__d4,laplacian_med_x0.1,ood_test,,,0.7726731300354004,0.906,0.9066820276497696,0.9054246032863944,0.9128014842300557,0.9074820788530467,0.7996721196067353,0.32404272106730764,0.09229053643205719,0.11717420088189504,0.43149114396137855
classical_ext,svc,4,laplacian_med_x0.3__svc__d4,laplacian_med_x0.3,id_val,10.0,0.9030111635728566,0.006999969482421875,0.908,0.9099044197831805,0.9079985279764475,0.9076305220883534,0.9340560651741613,0.8763832017883018,,,,
classical_ext,svc,4,laplacian_med_x0.3__svc__d4,laplacian_med_x0.3,id_test,10.0,0.9030111635728566,0.006999969482421875,0.896,0.8992238116620694,0.8959400614754098,0.8984375,0.9241131567130669,0.8392604666977032,,,,
classical_ext,svc,4,laplacian_med_x0.3__svc__d4,laplacian_med_x0.3,ood_test,10.0,0.9030111635728566,0.006999969482421875,0.928,0.928347414234511,0.9279065669107163,0.9305019305019305,0.9725422427035331,0.9535209976723555,,,,
classical_ext,gpc,4,laplacian_med_x0.3__gpc__d4,laplacian_med_x0.3,id_val,,,0.673051118850708,0.896,0.9003784719994868,0.8957598306498171,0.9007633587786259,0.961703765475656,0.9538334214623616,0.25085521497719737,0.07389274022796456,0.08113847417708288,0.3513622031335365
classical_ext,gpc,4,laplacian_med_x0.3__gpc__d4,laplacian_med_x0.3,id_test,,,0.673051118850708,0.88,0.8851112964269677,0.8795064584538268,0.8872180451127819,0.9645262685226762,0.9578541791902814,0.26083894950046577,0.07836449885528896,0.061259518750366344,0.34769342333357245
classical_ext,gpc,4,laplacian_med_x0.3__gpc__d4,laplacian_med_x0.3,ood_test,,,0.673051118850708,0.898,0.8987135176651306,0.8973095091394536,0.9057301293900185,0.8829045058883768,0.7492704500701439,0.3310147705929232,0.09462555485007416,0.12781474296532364,0.3901372322370198
classical_ext,svc,4,laplacian_med_x3__svc__d4,laplacian_med_x3,id_val,100.0,0.9019601615813206,0.008007526397705078,0.908,0.9106741933414587,0.9079867500920132,0.9090909090909091,0.9423952787221759,0.8922563237629328,,,,
classical_ext,svc,4,laplacian_med_x3__svc__d4,laplacian_med_x3,id_test,100.0,0.9019601615813206,0.008007526397705078,0.896,0.8988389248829303,0.8959733691825107,0.8976377952755905,0.9237924177304511,0.8443637400550945,,,,
classical_ext,svc,4,laplacian_med_x3__svc__d4,laplacian_med_x3,ood_test,100.0,0.9019601615813206,0.008007526397705078,0.91,0.9104902713773682,0.9097367924868918,0.9146110056925996,0.9482366871479775,0.9109575729937209,,,,
classical_ext,gpc,4,laplacian_med_x3__gpc__d4,laplacian_med_x3,id_val,,,0.6075417995452881,0.896,0.9007633587786259,0.8956728299948639,0.9015151515151515,0.9636923471678748,0.9579751443616782,0.28229789835766195,0.07915033146115942,0.08710219448494927,0.42846445708928704
classical_ext,gpc,4,laplacian_med_x3__gpc__d4,laplacian_med_x3,id_test,,,0.6075417995452881,0.88,0.8851112964269677,0.8795064584538268,0.8872180451127819,0.9657450766566168,0.9618701878293618,0.29498002406377066,0.08485265013046224,0.09613934413930428,0.4288950060974316
classical_ext,gpc,4,laplacian_med_x3__gpc__d4,laplacian_med_x3,ood_test,,,0.6075417995452881,0.828,0.8287250384024578,0.8267777437599704,0.8413284132841329,0.832821300563236,0.6847392719215641,0.40894909882010944,0.1281693496821869,0.13758352063506432,0.43544855370022856
classical_ext,svc,4,laplacian_med_x10__svc__d4,laplacian_med_x10,id_val,100.0,0.8991035521713131,0.00864267349243164,0.908,0.911443966899737,0.9079278154072793,0.9105058365758755,0.94650073769966,0.9035830827393082,,,,
classical_ext,svc,4,laplacian_med_x10__svc__d4,laplacian_med_x10,id_test,100.0,0.8991035521713131,0.00864267349243164,0.896,0.8999935852203477,0.8958333333333334,0.9,0.9337994739880685,0.8702003546324056,,,,
classical_ext,svc,4,laplacian_med_x10__svc__d4,laplacian_med_x10,ood_test,100.0,0.8991035521713131,0.00864267349243164,0.898,0.8986495135688684,0.8974383725279631,0.9050279329608939,0.9008896569380441,0.8106376261601932,,,,
classical_ext,gpc,4,laplacian_med_x10__gpc__d4,laplacian_med_x10,id_val,,,0.5080676078796387,0.876,0.878600295079864,0.8759821414283657,0.8774703557312253,0.9567643851433703,0.9393810508251067,0.3403780518145373,0.09447772557876553,0.13291560247791506,0.5193676881504993
classical_ext,gpc,4,laplacian_med_x10__gpc__d4,laplacian_med_x10,id_test,,,0.5080676078796387,0.868,0.8717364808518827,0.8678287060029799,0.8725868725868726,0.9533645519276412,0.9367795448487948,0.351435746701875,0.09938102346892276,0.13628156098333635,0.5217660424209748
classical_ext,gpc,4,laplacian_med_x10__gpc__d4,laplacian_med_x10,ood_test,,,0.5080676078796387,0.75,0.7501920122887864,0.7499189737474942,0.7544204322200393,0.8227886584741424,0.7039079053412376,0.4766337144933802,0.1560299588474875,0.19627113880989747,0.5098203102685042
classical_ext,svc,4,matern15_med_x0.1__svc__d4,matern15_med_x0.1,id_val,100.0,0.899135600245349,0.012003421783447266,0.884,0.884694335749567,0.8839089846439608,0.8806584362139918,0.9199435499390597,0.8879438148563752,,,,
classical_ext,svc,4,matern15_med_x0.1__svc__d4,matern15_med_x0.1,id_test,100.0,0.899135600245349,0.012003421783447266,0.876,0.8778305215215857,0.8759980159682554,0.8755020080321285,0.9099364936814419,0.8770381242263903,,,,
classical_ext,svc,4,matern15_med_x0.1__svc__d4,matern15_med_x0.1,ood_test,100.0,0.899135600245349,0.012003421783447266,0.918,0.9180747567844342,0.917999671998688,0.9181636726546906,0.9375960061443931,0.9070026424960425,,,,
classical_ext,gpc,4,matern15_med_x0.1__gpc__d4,matern15_med_x0.1,id_val,,,0.6295046806335449,0.892,0.8950221309898005,0.8919567827130852,0.8941176470588236,0.9567643851433704,0.9462899108082464,0.271190765940451,0.07937176371600128,0.062072329536779075,0.37849692767471843
classical_ext,gpc,4,matern15_med_x0.1__gpc__d4,matern15_med_x0.1,id_test,,,0.6295046806335449,0.88,0.8847264096478286,0.8796224961479199,0.8863636363636364,0.9634999037783052,0.9546001257636587,0.27191730825867455,0.07973575009903536,0.08200053363330706,0.37257032895003517
classical_ext,gpc,4,matern15_med_x0.1__gpc__d4,matern15_med_x0.1,ood_test,,,0.6295046806335449,0.902,0.9026497695852534,0.9014603971347097,0.9087523277467412,0.9037698412698413,0.7848409318580926,0.32046374182471843,0.09090305326200863,0.12161266446070954,0.40937824825105373
classical_ext,svc,4,matern15_med_x0.3__svc__d4,matern15_med_x0.3,id_val,100.0,0.8981712547703189,0.010586261749267578,0.896,0.8972993777663738,0.8959733691825107,0.8943089430894309,0.9347616909359164,0.8682723852391797,,,,
classical_ext,svc,4,matern15_med_x0.3__svc__d4,matern15_med_x0.3,id_test,100.0,0.8981712547703189,0.010586261749267578,0.896,0.8996086984412086,0.8958933948363124,0.8992248062015504,0.950542048880621,0.8814875442851847,,,,
classical_ext,svc,4,matern15_med_x0.3__svc__d4,matern15_med_x0.3,ood_test,100.0,0.8981712547703189,0.010586261749267578,0.942,0.9421722990271377,0.9419886297714353,0.9428007889546351,0.9715341781874041,0.9507233370456643,,,,
classical_ext,gpc,4,matern15_med_x0.3__gpc__d4,matern15_med_x0.3,id_val,,,0.635352611541748,0.904,0.9083969465648856,0.9037783052152158,0.9083969465648855,0.9622169478478414,0.9549079580148103,0.2489191925784795,0.07472679499896023,0.07018692953019327,0.33604534682673315
classical_ext,gpc,4,matern15_med_x0.3__gpc__d4,matern15_med_x0.3,id_test,,,0.635352611541748,0.884,0.8889280903200976,0.88358089120835,0.8905660377358491,0.9640130861504908,0.9577388914961036,0.2588975351671478,0.07940213593932512,0.05984777927082681,0.3330629704804724
classical_ext,gpc,4,matern15_med_x0.3__gpc__d4,matern15_med_x0.3,ood_test,,,0.635352611541748,0.9,0.9006656426011265,0.8994190444004571,0.9070631970260223,0.8805043522785458,0.7449451398459872,0.3293373830915849,0.09364184246025574,0.11111956917562257,0.37175866194226037
classical_ext,svc,4,matern15_med_x3__svc__d4,matern15_med_x3,id_val,10.0,0.8971699048374306,0.012665271759033203,0.888,0.8927448842132273,0.8876476630713919,0.8939393939393939,0.9426518699082687,0.9091227571413079,,,,
classical_ext,svc,4,matern15_med_x3__svc__d4,matern15_med_x3,id_test,10.0,0.8971699048374306,0.012665271759033203,0.872,0.877092821861569,0.871473555684082,0.8796992481203008,0.9401501058438643,0.8945824136021591,,,,
classical_ext,svc,4,matern15_med_x3__svc__d4,matern15_med_x3,ood_test,10.0,0.8971699048374306,0.012665271759033203,0.904,0.9046979006656426,0.9033816425120773,0.9111111111111111,0.9040418586789554,0.8507953119391275,,,,
classical_ext,gpc,4,matern15_med_x3__gpc__d4,matern15_med_x3,id_val,,,0.6290686130523682,0.888,0.8900506767592533,0.888,0.888,0.9616396176791326,0.9554687512607587,0.33405311937310833,0.09450666563060815,0.12442398418234449,0.4931913966722853
classical_ext,gpc,4,matern15_med_x3__gpc__d4,matern15_med_x3,id_test,,,0.6290686130523682,0.876,0.8789851818590031,0.8759503801520608,0.8784313725490196,0.9522098915902238,0.9460013172531732,0.3504439686702369,0.10177339008025314,0.1199690627609568,0.49244691158492193
classical_ext,gpc,4,matern15_med_x3__gpc__d4,matern15_med_x3,ood_test,,,0.6290686130523682,0.672,0.6715629800307219,0.6708149337615416,0.6510638297872341,0.8035874295954941,0.6681141480395685,0.5131701101929635,0.17426105197572966,0.2333782873052666,0.4985443443531341
classical_ext,svc,4,matern15_med_x10__svc__d4,matern15_med_x10,id_val,100.0,0.887816382500661,0.008999109268188477,0.888,0.8927448842132273,0.8876476630713919,0.8939393939393939,0.9459234075309514,0.922916395753046,,,,
classical_ext,svc,4,matern15_med_x10__svc__d4,matern15_med_x10,id_test,100.0,0.887816382500661,0.008999109268188477,0.868,0.8732760279684393,0.8673867965472344,0.8764044943820225,0.9293091282314452,0.8972978719128086,,,,
classical_ext,svc,4,matern15_med_x10__svc__d4,matern15_med_x10,ood_test,100.0,0.887816382500661,0.008999109268188477,0.896,0.8967293906810037,0.8952609613432378,0.9040590405904059,0.8551747311827957,0.7178939733995162,,,,
classical_ext,gpc,4,matern15_med_x10__gpc__d4,matern15_med_x10,id_val,,,0.3961977958679199,0.884,0.8862338828661236,0.8839981439703035,0.8844621513944223,0.9452819295657193,0.9465197828630192,0.49905269489424475,0.15699297350794023,0.2633714445054733,0.6464649362038554
classical_ext,gpc,4,matern15_med_x10__gpc__d4,matern15_med_x10,id_test,,,0.3961977958679199,0.876,0.8793700686381423,0.8759027077228547,0.8793774319066148,0.93905959330297,0.939031328227089,0.5053495889886865,0.16012174684623415,0.24594663794303967,0.6460618716967457
classical_ext,gpc,4,matern15_med_x10__gpc__d4,matern15_med_x10,ood_test,,,0.3961977958679199,0.67,0.6695788530465949,0.668886132951248,0.6496815286624203,0.7893145161290321,0.6484244465674572,0.591448930580539,0.2011624495008349,0.21795863183317346,0.6462460266697456
classical_ext,svc,4,matern25_med_x0.1__svc__d4,matern25_med_x0.1,id_val,100.0,0.9058663694761183,0.01751542091369629,0.888,0.889280903200975,0.8879713206580885,0.8861788617886179,0.9075630252100841,0.8535719991330704,,,,
classical_ext,svc,4,matern25_med_x0.1__svc__d4,matern25_med_x0.1,id_test,100.0,0.9058663694761183,0.01751542091369629,0.884,0.8862338828661236,0.8839981439703035,0.8844621513944223,0.9181474116364102,0.8600108341778435,,,,
classical_ext,svc,4,matern25_med_x0.1__svc__d4,matern25_med_x0.1,ood_test,100.0,0.9058663694761183,0.01751542091369629,0.924,0.9240911418330773,0.9239987839805437,0.9243027888446215,0.9352278545826934,0.9201221253809723,,,,
classical_ext,gpc,4,matern25_med_x0.1__gpc__d4,matern25_med_x0.1,id_val,,,0.8446536064147949,0.896,0.8988389248829303,0.8959733691825107,0.8976377952755905,0.957020976329463,0.9464783089193959,0.26953284786250614,0.0789989429071307,0.06263070447452858,0.3746539981156658
classical_ext,gpc,4,matern25_med_x0.1__gpc__d4,matern25_med_x0.1,id_test,,,0.8446536064147949,0.876,0.8809096157546987,0.8755519871537536,0.8830188679245283,0.9640130861504906,0.9556760499557823,0.2705048965540169,0.0795879549894002,0.08205983513261185,0.3688456970851082
classical_ext,gpc,4,matern25_med_x0.1__gpc__d4,matern25_med_x0.1,ood_test,,,0.8446536064147949,0.902,0.9026497695852534,0.9014603971347097,0.9087523277467412,0.9011776753712237,0.7796464313517337,0.32117954249296105,0.09110814496796892,0.11677291695223037,0.4052616013783485
classical_ext,svc,4,matern25_med_x0.3__svc__d4,matern25_med_x0.3,id_val,100.0,0.8998032283542367,0.016303539276123047,0.896,0.8972993777663738,0.8959733691825107,0.8943089430894309,0.9443838604143948,0.9201952128379902,,,,
classical_ext,svc,4,matern25_med_x0.3__svc__d4,matern25_med_x0.3,id_test,100.0,0.8998032283542367,0.016303539276123047,0.892,0.8961767913272178,0.8917905064204299,0.896551724137931,0.9516325614215152,0.9070575521199212,,,,
classical_ext,svc,4,matern25_med_x0.3__svc__d4,matern25_med_x0.3,ood_test,100.0,0.8998032283542367,0.016303539276123047,0.936,0.9362519201228878,0.9359631147540983,0.9375,0.9716621863799282,0.9430203864478068,,,,
classical_ext,gpc,4,matern25_med_x0.3__gpc__d4,matern25_med_x0.3,id_val,,,0.8637785911560059,0.9,0.9045801526717557,0.8997288668559785,0.9049429657794676,0.9615113220860864,0.9546252657736033,0.248459262073391,0.07477825118019607,0.06534009417354569,0.3338510248230434
classical_ext,gpc,4,matern25_med_x0.3__gpc__d4,matern25_med_x0.3,id_test,,,0.8637785911560059,0.884,0.8889280903200976,0.88358089120835,0.8905660377358491,0.9635640515748285,0.95762314301968,0.25935533618984663,0.07986005419316458,0.06027021816768352,0.33098195054129337
classical_ext,gpc,4,matern25_med_x0.3__gpc__d4,matern25_med_x0.3,ood_test,,,0.8637785911560059,0.902,0.9026817716333846,0.901400118319858,0.9090909090909091,0.8752560163850487,0.737975809651614,0.32927206806911613,0.09354208878486577,0.10926895050125268,0.36777037834073945
classical_ext,svc,4,matern25_med_x3__svc__d4,matern25_med_x3,id_val,100.0,0.8962083663758922,0.013008594512939453,0.888,0.8927448842132273,0.8876476630713919,0.8939393939393939,0.9397652190647252,0.8967581997409786,,,,
classical_ext,svc,4,matern25_med_x3__svc__d4,matern25_med_x3,id_test,100.0,0.8962083663758922,0.013008594512939453,0.872,0.877092821861569,0.871473555684082,0.8796992481203008,0.9413047661812817,0.8793421867031999,,,,
classical_ext,svc,4,matern25_med_x3__svc__d4,matern25_med_x3,ood_test,100.0,0.8962083663758922,0.013008594512939453,0.906,0.9066820276497696,0.9054246032863944,0.9128014842300557,0.9140424987199182,0.8761173840895268,,,,
classical_ext,gpc,4,matern25_med_x3__gpc__d4,matern25_med_x3,id_val,,,0.8026731014251709,0.884,0.8862338828661236,0.8839981439703035,0.8844621513944223,0.96138302649304,0.9553817956956234,0.3574567645616264,0.10231166509632618,0.13684100090007228,0.5177147008740691
classical_ext,gpc,4,matern25_med_x3__gpc__d4,matern25_med_x3,id_test,,,0.8026731014251709,0.876,0.8789851818590031,0.8759503801520608,0.8784313725490196,0.9506061966771442,0.9440605317925655,0.37300071922905115,0.10923216927624625,0.13450300340136265,0.5171395515791744
classical_ext,gpc,4,matern25_med_x3__gpc__d4,matern25_med_x3,ood_test,,,0.8026731014251709,0.672,0.6715629800307219,0.6708149337615416,0.6510638297872341,0.799315156169995,0.6751119138026858,0.5425749206532331,0.18617920718765213,0.20959040279424446,0.5162288064893614
classical_ext,svc,4,matern25_med_x10__svc__d4,matern25_med_x10,id_val,100.0,0.8405541188993171,0.018131494522094727,0.872,0.8763230483032908,0.8717044069536212,0.8778625954198473,0.9332221438193598,0.8826655869980414,,,,
classical_ext,svc,4,matern25_med_x10__svc__d4,matern25_med_x10,id_test,100.0,0.8405541188993171,0.018131494522094727,0.872,0.877092821861569,0.871473555684082,0.8796992481203008,0.8773494130476618,0.7763608440915498,,,,
classical_ext,svc,4,matern25_med_x10__svc__d4,matern25_med_x10,ood_test,100.0,0.8405541188993171,0.018131494522094727,0.734,0.7340309779825909,0.733998935995744,0.7334669338677354,0.7411514336917562,0.5876493585546997,,,,
classical_ext,gpc,4,matern25_med_x10__gpc__d4,matern25_med_x10,id_val,,,0.481961727142334,0.884,0.8862338828661236,0.8839981439703035,0.8844621513944223,0.9444480082109179,0.9445880684045408,0.5422919880345175,0.17651704446271294,0.2919680206183108,0.6659549211632727
classical_ext,gpc,4,matern25_med_x10__gpc__d4,matern25_med_x10,id_test,,,0.481961727142334,0.872,0.8755532747450125,0.8718687936446922,0.875968992248062,0.9379049329655527,0.9365265006750763,0.5466261027015612,0.17869218315905355,0.2790210920717631,0.665631740427541
classical_ext,gpc,4,matern25_med_x10__gpc__d4,matern25_med_x10,ood_test,,,0.481961727142334,0.67,0.6695788530465949,0.668886132951248,0.6496815286624203,0.782226062467998,0.6431006263379042,0.6137348848480287,0.21115669959284333,0.25356639570865824,0.6658549747350634
quantum,svc,4,zz_r1_full__as0.5__svc__d4,zz_r1_full__as0.5,id_val,1.0,0.8962884945810202,0.00899958610534668,0.9,0.9041952658926167,0.899806024463361,0.9042145593869731,0.9483610237988325,0.9148172834579421,,,,
quantum,svc,4,zz_r1_full__as0.5__svc__d4,zz_r1_full__as0.5,id_test,1.0,0.8962884945810202,0.00899958610534668,0.88,0.8851112964269677,0.8795064584538268,0.8872180451127819,0.9392520366925396,0.8664207642475368,,,,
quantum,svc,4,zz_r1_full__as0.5__svc__d4,zz_r1_full__as0.5,ood_test,1.0,0.8962884945810202,0.00899958610534668,0.898,0.8987135176651306,0.8973095091394536,0.9057301293900185,0.9480126728110598,0.9304587984060427,,,,
quantum,gpc,4,zz_r1_full__as0.5__gpc__d4,zz_r1_full__as0.5,id_val,,,0.7248260974884033,0.908,0.911443966899737,0.9079278154072793,0.9105058365758755,0.9620245044582719,0.9506141356724273,0.24866197694416603,0.07305668772320345,0.06639376539405581,0.343757615956976
quantum,gpc,4,zz_r1_full__as0.5__gpc__d4,zz_r1_full__as0.5,id_test,,,0.7248260974884033,0.888,0.8923599974340881,0.8877413560844185,0.8931297709923665,0.9633716081852588,0.9566829239903859,0.2579510130867803,0.07771778419457348,0.067960851023976,0.3395840374781966
quantum,gpc,4,zz_r1_full__as0.5__gpc__d4,zz_r1_full__as0.5,ood_test,,,0.7248260974884033,0.884,0.8848246287762417,0.8829209999354046,0.8941605839416058,0.9007456477214542,0.784639478462961,0.34038462991061574,0.09943769566887815,0.10953297686501338,0.3903449866696211
quantum,svc,4,zz_r2_full__as0.5__svc__d4,zz_r2_full__as0.5,id_val,100.0,0.9012670137097747,0.018247365951538086,0.876,0.8762909744050291,0.8758390874573447,0.8713692946058091,0.9313618577201874,0.8991476532740148,,,,
quantum,svc,4,zz_r2_full__as0.5__svc__d4,zz_r2_full__as0.5,id_test,100.0,0.9012670137097747,0.018247365951538086,0.88,0.8828019757521329,0.8799692721336663,0.8818897637795275,0.9358522034768105,0.9043773880719195,,,,
quantum,svc,4,zz_r2_full__as0.5__svc__d4,zz_r2_full__as0.5,ood_test,100.0,0.9012670137097747,0.018247365951538086,0.93,0.9301715309779826,0.9299862773103529,0.9309664694280079,0.9549891193036355,0.9281739245186627,,,,
quantum,gpc,4,zz_r2_full__as0.5__gpc__d4,zz_r2_full__as0.5,id_val,,,0.6694808006286621,0.892,0.8946372442106614,0.8919844457601894,0.8932806324110671,0.9563794983642312,0.9457499108293725,0.27294267454749027,0.08041416660952419,0.0808318522689217,0.37233676136964017
quantum,gpc,4,zz_r2_full__as0.5__gpc__d4,zz_r2_full__as0.5,id_test,,,0.6694808006286621,0.884,0.8881583167618192,0.8837749883774988,0.8888888888888888,0.9618320610687022,0.9527406385700149,0.270896514677204,0.0795012841580246,0.0684710305907683,0.36841322219134853
quantum,gpc,4,zz_r2_full__as0.5__gpc__d4,zz_r2_full__as0.5,ood_test,,,0.6694808006286621,0.904,0.9047299027137736,0.9033178104706812,0.9114391143911439,0.9049539170506913,0.7930084169424005,0.3223190371749065,0.09268058689830742,0.10866469750266017,0.39905741039088993
quantum,svc,4,pauli_xz_r1_full__as0.5__svc__d4,pauli_xz_r1_full__as0.5,id_val,100.0,0.8964394156664074,0.019002676010131836,0.908,0.9122137404580153,0.9078215425062922,0.9118773946360154,0.9429726088908845,0.8835281278568943,,,,
quantum,svc,4,pauli_xz_r1_full__as0.5__svc__d4,pauli_xz_r1_full__as0.5,id_test,100.0,0.8964394156664074,0.019002676010131836,0.888,0.8927448842132273,0.8876476630713919,0.8939393939393939,0.9391878888960165,0.8630297325408837,,,,
quantum,svc,4,pauli_xz_r1_full__as0.5__svc__d4,pauli_xz_r1_full__as0.5,ood_test,100.0,0.8964394156664074,0.019002676010131836,0.9,0.9006016385048643,0.8995354519297231,0.9063670411985019,0.9440924219150026,0.9299881247740726,,,,
quantum,gpc,4,pauli_xz_r1_full__as0.5__gpc__d4,pauli_xz_r1_full__as0.5,id_val,,,0.6657168865203857,0.896,0.9007633587786259,0.8956728299948639,0.9015151515151515,0.964077233947014,0.9585039540528772,0.2540487545526921,0.07467340757045238,0.09007254000399122,0.36077809875792227
quantum,gpc,4,pauli_xz_r1_full__as0.5__gpc__d4,pauli_xz_r1_full__as0.5,id_test,,,0.6657168865203857,0.88,0.8851112964269677,0.8795064584538268,0.8872180451127819,0.9627301302200268,0.9575956681684394,0.27067369186469786,0.08193152695499097,0.0903205251578252,0.35970543103979913
quantum,gpc,4,pauli_xz_r1_full__as0.5__gpc__d4,pauli_xz_r1_full__as0.5,ood_test,,,0.6657168865203857,0.874,0.8746479774705581,0.8733062248874839,0.88268156424581,0.8619751664106503,0.7289177977295406,0.3680272374505845,0.11131174469397256,0.12287393665491267,0.38621154871954183
quantum,svc,4,zmap_r2__as0.5__svc__d4,zmap_r2__as0.5,id_val,1.0,0.896128238170764,0.0069980621337890625,0.892,0.8969465648854962,0.8916097952629466,0.8981132075471698,0.9244980434922061,0.8548548066954912,,,,
quantum,svc,4,zmap_r2__as0.5__svc__d4,zmap_r2__as0.5,id_test,1.0,0.896128238170764,0.0069980621337890625,0.876,0.8812945025338379,0.8754239603928566,0.8838951310861424,0.9365578292385656,0.8647038499678561,,,,
quantum,svc,4,zmap_r2__as0.5__svc__d4,zmap_r2__as0.5,ood_test,1.0,0.896128238170764,0.0069980621337890625,0.902,0.9027137736815156,0.9013365872124163,0.9094269870609981,0.9272913466461854,0.8981294890481192,,,,
quantum,gpc,4,zmap_r2__as0.5__gpc__d4,zmap_r2__as0.5,id_val,,,0.711329460144043,0.892,0.8969465648854962,0.8916097952629466,0.8981132075471698,0.9544550644685356,0.9468602585490893,0.25244707858144927,0.07606553436970762,0.051099631677959494,0.3403087707796071
quantum,gpc,4,zmap_r2__as0.5__gpc__d4,zmap_r2__as0.5,id_test,,,0.711329460144043,0.876,0.8812945025338379,0.8754239603928566,0.8838951310861424,0.9640130861504906,0.9574708238143017,0.2631136422675753,0.08078173150080356,0.07403064608586098,0.3421146143202329
quantum,gpc,4,zmap_r2__as0.5__gpc__d4,zmap_r2__as0.5,ood_test,,,0.711329460144043,0.886,0.8866807475678444,0.8853021784537124,0.8942486085343229,0.8641673067076292,0.7249360363196016,0.3582388688466651,0.10523639968595398,0.11433395377656205,0.36303332908540326
quantum,svc,4,zz_r1_full__svc__d4,zz_r1_full,id_val,1.0,0.8942852894528152,0.011000871658325195,0.892,0.896561678106357,0.8917071762044568,0.8973384030418251,0.9321316312784657,0.8870038293446743,,,,
quantum,svc,4,zz_r1_full__svc__d4,zz_r1_full,id_test,1.0,0.8942852894528152,0.011000871658325195,0.876,0.8809096157546987,0.8755519871537536,0.8830188679245283,0.9375200461864135,0.865285664256258,,,,
quantum,svc,4,zz_r1_full__svc__d4,zz_r1_full,ood_test,1.0,0.8942852894528152,0.011000871658325195,0.904,0.9047299027137736,0.9033178104706812,0.9114391143911439,0.9634056579621095,0.9547602344151978,,,,
quantum,gpc,4,zz_r1_full__gpc__d4,zz_r1_full,id_val,,,0.6827647686004639,0.884,0.8885432035409584,0.8836854855529351,0.8897338403041825,0.9524023349797935,0.9370211538578791,0.28224694876368733,0.0830241611308681,0.07796010034501352,0.3895205788827387
quantum,gpc,4,zz_r1_full__gpc__d4,zz_r1_full,id_test,,,0.6827647686004639,0.876,0.8809096157546987,0.8755519871537536,0.8830188679245283,0.9553531336198602,0.943877419515279,0.2891118628761783,0.08598639555765712,0.06861494906357338,0.3802878819226197
quantum,gpc,4,zz_r1_full__gpc__d4,zz_r1_full,ood_test,,,0.6827647686004639,0.88,0.8806323604710702,0.8793746783324756,0.8880597014925373,0.9200108806963645,0.8447098889196266,0.3198965921394467,0.09418410964414184,0.07638338184592673,0.4134457217912615
quantum,svc,4,zz_r2_full__svc__d4,zz_r2_full,id_val,1.0,0.8898516357029018,0.007651090621948242,0.884,0.88777342998268,0.8838494689117096,0.888030888030888,0.9260375906087626,0.8584184051297425,,,,
quantum,svc,4,zz_r2_full__svc__d4,zz_r2_full,id_test,1.0,0.8898516357029018,0.007651090621948242,0.88,0.8843415228686895,0.8797228815190199,0.8854961832061069,0.9349541343254859,0.8637996120564586,,,,
quantum,svc,4,zz_r2_full__svc__d4,zz_r2_full,ood_test,1.0,0.8898516357029018,0.007651090621948242,0.89,0.8906490015360984,0.8893943233144701,0.8975791433891993,0.9433243727598566,0.9050339347095958,,,,
quantum,gpc,4,zz_r2_full__gpc__d4,zz_r2_full,id_val,,,0.6370577812194824,0.864,0.8667650266213356,0.8639651750848217,0.8661417322834646,0.9408557316056194,0.9237171758439815,0.3122113975600721,0.09407757895131082,0.0907946355714687,0.4115522415801471
quantum,gpc,4,zz_r2_full__gpc__d4,zz_r2_full,id_test,,,0.6370577812194824,0.892,0.8950221309898005,0.8919567827130852,0.8941176470588236,0.9523381871832702,0.9381924678052422,0.3036207288930034,0.08911584627357584,0.06784236224202927,0.4094020049468207
quantum,gpc,4,zz_r2_full__gpc__d4,zz_r2_full,ood_test,,,0.6370577812194824,0.88,0.8805043522785458,0.8796224961479199,0.8863636363636364,0.9025217613927292,0.7973413011784882,0.33962251305840996,0.10096279995335329,0.10173759374555746,0.42398557270342835
quantum,svc,4,pauli_xz_r1_full__svc__d4,pauli_xz_r1_full,id_val,100.0,0.8970468213058419,0.018582820892333984,0.916,0.9194624414651357,0.9159340923283854,0.9182879377431906,0.9496439797292963,0.9170008698811791,,,,
quantum,svc,4,pauli_xz_r1_full__svc__d4,pauli_xz_r1_full,id_test,100.0,0.8970468213058419,0.018582820892333984,0.9,0.9045801526717557,0.8997288668559785,0.9049429657794676,0.9506703444736674,0.8985007948093136,,,,
quantum,svc,4,pauli_xz_r1_full__svc__d4,pauli_xz_r1_full,ood_test,100.0,0.8970468213058419,0.018582820892333984,0.896,0.8965373783922171,0.8956242472902449,0.9018867924528302,0.9685259856630827,0.9686330052018278,,,,
quantum,gpc,4,pauli_xz_r1_full__gpc__d4,pauli_xz_r1_full,id_val,,,0.5484273433685303,0.904,0.9080120597857464,0.9038461538461539,0.9076923076923077,0.9615113220860864,0.9561648475307728,0.24683982525123216,0.0741820272310372,0.06259515147881282,0.33342944987191975
quantum,gpc,4,pauli_xz_r1_full__gpc__d4,pauli_xz_r1_full,id_test,,,0.5484273433685303,0.888,0.8927448842132273,0.8876476630713919,0.8939393939393939,0.9634357559817821,0.9573158810328779,0.25870691482418035,0.07947855326561168,0.05952837022958385,0.3307045186238298
quantum,gpc,4,pauli_xz_r1_full__gpc__d4,pauli_xz_r1_full,ood_test,,,0.5484273433685303,0.892,0.892537122375832,0.8916097952629466,0.8981132075471698,0.86685547875064,0.7301202232572085,0.33792546489500497,0.09898954155937181,0.09964027504614636,0.351574885937168
quantum,svc,4,zmap_r2__svc__d4,zmap_r2,id_val,100.0,0.8929030358091513,0.018017053604125977,0.916,0.9190775546859965,0.9159663865546218,0.9176470588235294,0.9449611905831033,0.9367311555787917,,,,
quantum,svc,4,zmap_r2__svc__d4,zmap_r2,id_test,100.0,0.8929030358091513,0.018017053604125977,0.896,0.9003784719994868,0.8957598306498171,0.9007633587786259,0.934954134325486,0.878115405058746,,,,
quantum,svc,4,zmap_r2__svc__d4,zmap_r2,ood_test,100.0,0.8929030358091513,0.018017053604125977,0.906,0.9066180235535075,0.905537131946538,0.9121495327102803,0.9611975166410651,0.9343639951506828,,,,
quantum,gpc,4,zmap_r2__gpc__d4,zmap_r2,id_val,,,0.6365439891815186,0.876,0.8797549554172814,0.8758390874573447,0.8803088803088803,0.9441914170248252,0.9325362536202194,0.2950482176805095,0.0893799526547334,0.07555392586960405,0.3840764628914834
quantum,gpc,4,zmap_r2__gpc__d4,zmap_r2,id_test,,,0.6365439891815186,0.852,0.8568541920585029,0.8514652749899638,0.8603773584905661,0.9546475078581051,0.9495885218278621,0.3053982344462409,0.09426984586456821,0.08359911207252908,0.38742828985489736
quantum,gpc,4,zmap_r2__gpc__d4,zmap_r2,ood_test,,,0.6365439891815186,0.888,0.8885368663594471,0.8875953432356484,0.8943396226415095,0.8626952124935996,0.7190087772017232,0.34970860749507765,0.1033183967483107,0.11005138164189886,0.3789986900609967
quantum,svc,4,zz_r1_full__as2__svc__d4,zz_r1_full__as2,id_val,100.0,0.8777119599947646,0.03440713882446289,0.868,0.8701969337353261,0.8679978879662075,0.8685258964143426,0.9125024055423697,0.8810329065476892,,,,
quantum,svc,4,zz_r1_full__as2__svc__d4,zz_r1_full__as2,id_test,100.0,0.8777119599947646,0.03440713882446289,0.868,0.8701969337353261,0.8679978879662075,0.8685258964143426,0.9228302007826031,0.8983715816375237,,,,
quantum,svc,4,zz_r1_full__as2__svc__d4,zz_r1_full__as2,ood_test,100.0,0.8777119599947646,0.03440713882446289,0.9,0.8999615975422427,0.8999855979261013,0.8987854251012146,0.9219790066564261,0.8944685084344395,,,,
quantum,gpc,4,zz_r1_full__as2__gpc__d4,zz_r1_full__as2,id_val,,,0.5441105365753174,0.884,0.8862338828661236,0.8839981439703035,0.8844621513944223,0.9420103919430368,0.9263377089878081,0.33513531174357014,0.09908400401178186,0.09830161447612482,0.4613463292177273
quantum,gpc,4,zz_r1_full__as2__gpc__d4,zz_r1_full__as2,id_test,,,0.5441105365753174,0.848,0.8518827378279556,0.8477564102564102,0.8538461538461538,0.9368785682211818,0.9246738541847588,0.3549748702428597,0.10787682969161691,0.09432665557562983,0.4557805267125474
quantum,gpc,4,zz_r1_full__as2__gpc__d4,zz_r1_full__as2,ood_test,,,0.5441105365753174,0.856,0.8563428059395801,0.8558131338214325,0.861003861003861,0.887144777265745,0.7986957338005839,0.3966612264035997,0.12116286086386126,0.10510025986313412,0.4865082399112537
quantum,svc,4,zz_r2_full__as2__svc__d4,zz_r2_full__as2,id_val,10.0,0.874831723551196,0.013596773147583008,0.828,0.8297196741291937,0.8279972479559673,0.8273092369477911,0.886907434729617,0.8275186994323147,,,,
quantum,svc,4,zz_r2_full__as2__svc__d4,zz_r2_full__as2,id_test,10.0,0.874831723551196,0.013596773147583008,0.836,0.8385079222528706,0.8359763805988063,0.8379446640316206,0.8919109628584256,0.8257487665879046,,,,
quantum,svc,4,zz_r2_full__as2__svc__d4,zz_r2_full__as2,ood_test,10.0,0.874831723551196,0.013596773147583008,0.872,0.8720878136200717,0.8719979519672314,0.8725099601593626,0.9170506912442398,0.8731108450893973,,,,
quantum,gpc,4,zz_r2_full__as2__gpc__d4,zz_r2_full__as2,id_val,,,0.47641611099243164,0.82,0.8220860863429341,0.8199971199539193,0.8207171314741036,0.923471678747835,0.9055004001555831,0.37981016522752864,0.11645487121276124,0.10894072846601915,0.4989664547439346
quantum,gpc,4,zz_r2_full__as2__gpc__d4,zz_r2_full__as2,id_test,,,0.47641611099243164,0.852,0.8553146449419462,0.8518838769595363,0.8560311284046692,0.9146834306241581,0.883001761998413,0.3986165631935444,0.12163350239459957,0.07800854119013395,0.496411431631925
quantum,gpc,4,zz_r2_full__as2__gpc__d4,zz_r2_full__as2,ood_test,,,0.47641611099243164,0.846,0.8461341525857655,0.845984598459846,0.8475247524752475,0.9031618023553507,0.8349612297712081,0.40545690691619124,0.12248142444224024,0.12443405534264473,0.5057405213462077
quantum,svc,4,pauli_xz_r1_full__as2__svc__d4,pauli_xz_r1_full__as2,id_val,100.0,0.897279274103103,0.028804779052734375,0.896,0.8976842645455129,0.8959933435739887,0.8951612903225806,0.95092693565976,0.9499542621534693,,,,
quantum,svc,4,pauli_xz_r1_full__as2__svc__d4,pauli_xz_r1_full__as2,id_test,100.0,0.897279274103103,0.028804779052734375,0.888,0.8915902238758099,0.8878851944391057,0.8914728682170543,0.9439348258387324,0.9241262040027775,,,,
quantum,svc,4,pauli_xz_r1_full__as2__svc__d4,pauli_xz_r1_full__as2,ood_test,100.0,0.897279274103103,0.028804779052734375,0.884,0.8844406041986688,0.8837321188017191,0.8893129770992366,0.918954813108039,0.8719971952096521,,,,
quantum,gpc,4,pauli_xz_r1_full__as2__gpc__d4,pauli_xz_r1_full__as2,id_val,,,0.8178977966308594,0.876,0.8809096157546987,0.8755519871537536,0.8830188679245283,0.9348258387324395,0.9161254332516997,0.3330478633465985,0.10194243519983587,0.09109348364167494,0.4291574035175047
quantum,gpc,4,pauli_xz_r1_full__as2__gpc__d4,pauli_xz_r1_full__as2,id_test,,,0.8178977966308594,0.844,0.8499903778305216,0.8428914420148568,0.8560885608856088,0.904163191994355,0.8868602282264477,0.3796641023370624,0.12165443611512665,0.06513052101008733,0.4260727092368802
quantum,gpc,4,pauli_xz_r1_full__as2__gpc__d4,pauli_xz_r1_full__as2,ood_test,,,0.8178977966308594,0.892,0.8924411162314388,0.8917505933671178,0.8969465648854962,0.8969854070660523,0.7748640996905938,0.34943571606468254,0.10098459833578925,0.1356075062508055,0.41054040470821973
quantum,svc,4,zmap_r2__as2__svc__d4,zmap_r2__as2,id_val,10.0,0.8888765513962567,0.00973200798034668,0.896,0.8984540381037911,0.8959933435739887,0.8968253968253969,0.9493873885432035,0.925432120918797,,,,
quantum,svc,4,zmap_r2__as2__svc__d4,zmap_r2__as2,id_test,10.0,0.8888765513962567,0.00973200798034668,0.892,0.8961767913272178,0.8917905064204299,0.896551724137931,0.9559304637885688,0.9257082033677381,,,,
quantum,svc,4,zmap_r2__as2__svc__d4,zmap_r2__as2,ood_test,10.0,0.8888765513962567,0.00973200798034668,0.888,0.8884408602150538,0.8877413560844185,0.8931297709923665,0.9178507424475166,0.8496013427073336,,,,
quantum,gpc,4,zmap_r2__as2__gpc__d4,zmap_r2__as2,id_val,,,0.7449440956115723,0.856,0.8595163256142151,0.8558523928502787,0.8604651162790697,0.9417538007569439,0.9349716453450322,0.3345227924775889,0.10412683673574898,0.07369284168442182,0.4318958823349495
quantum,gpc,4,zmap_r2__as2__gpc__d4,zmap_r2__as2,id_test,,,0.7449440956115723,0.844,0.8503752646096606,0.842668344870988,0.8571428571428571,0.9381615241516454,0.930126312575858,0.346923565393347,0.10967538471859307,0.08174857389098344,0.42331476633822157
quantum,gpc,4,zmap_r2__as2__gpc__d4,zmap_r2__as2,ood_test,,,0.7449440956115723,0.862,0.862231182795699,0.861933175657018,0.8649706457925636,0.8767441116231438,0.7438435753145414,0.3834135676492918,0.11531140273685273,0.1564844982296284,0.41922825900767996
classical_ext,svc,6,linear__svc__d6,linear,id_val,100.0,0.8517210120518725,0.03021860122680664,0.868,0.8694271601770479,0.8679809892624537,0.8663967611336032,0.8937712489575982,0.8220901579698732,,,,
classical_ext,svc,6,linear__svc__d6,linear,id_test,100.0,0.8517210120518725,0.03021860122680664,0.872,0.8747835011867342,0.871967223609244,0.8740157480314961,0.8736288408493168,0.7923546794487998,,,,
classical_ext,svc,6,linear__svc__d6,linear,ood_test,100.0,0.8517210120518725,0.03021860122680664,0.72,0.7191820276497696,0.7166955367405416,0.6860986547085202,0.8383256528417818,0.7086435652554758,,,,
classical_ext,gpc,6,linear__gpc__d6,linear,id_val,,,0.5891523361206055,0.876,0.878600295079864,0.8759821414283657,0.8774703557312253,0.9514401180319456,0.9441776572854705,0.3819419472384708,0.11314205231810083,0.1607664566141357,0.5361740919784859
classical_ext,gpc,6,linear__gpc__d6,linear,id_test,,,0.5891523361206055,0.856,0.859131438835076,0.8559170081967213,0.859375,0.9329014048367439,0.8970417086159963,0.3994951941321235,0.12076996596417865,0.14981652033746473,0.5279826289055172
classical_ext,gpc,6,linear__gpc__d6,linear,ood_test,,,0.5891523361206055,0.678,0.6774833589349718,0.6764144307104814,0.6537634408602151,0.7741455453149002,0.6379838474535265,0.563374448605479,0.1949063232098514,0.2142759123554073,0.4946154937735135
classical_ext,svc,6,rbf_gscale__svc__d6,rbf_gscale,id_val,100.0,0.9010224185741527,0.015261173248291016,0.92,0.9236641221374046,0.9199179960279327,0.9224806201550387,0.9511835268458528,0.9233932464309952,,,,
classical_ext,svc,6,rbf_gscale__svc__d6,rbf_gscale,id_test,100.0,0.9010224185741527,0.015261173248291016,0.9,0.9045801526717557,0.8997288668559785,0.9049429657794676,0.944768747193534,0.8875735291226201,,,,
classical_ext,svc,6,rbf_gscale__svc__d6,rbf_gscale,ood_test,100.0,0.9010224185741527,0.015261173248291016,0.902,0.9025857654889913,0.9015712443403465,0.9080675422138836,0.9781426011264721,0.9782998332561096,,,,
classical_ext,gpc,6,rbf_gscale__gpc__d6,rbf_gscale,id_val,,,0.769526481628418,0.892,0.8969465648854962,0.8916097952629466,0.8981132075471698,0.9646545641157227,0.9592440060975235,0.2596695423914348,0.07599584159105054,0.06574530666736014,0.3705930747183835
classical_ext,gpc,6,rbf_gscale__gpc__d6,rbf_gscale,id_test,,,0.769526481628418,0.876,0.8812945025338379,0.8754239603928566,0.8838951310861424,0.963820642760921,0.9587846753101885,0.2763975210033538,0.08369145142049124,0.08034837451153799,0.3693755682370488
classical_ext,gpc,6,rbf_gscale__gpc__d6,rbf_gscale,ood_test,,,0.769526481628418,0.886,0.8867447516641065,0.8851505736426611,0.8950276243093923,0.8602310547875063,0.7242349194046465,0.3688794777728356,0.11193715352226974,0.1266638395545048,0.3984064464650872
classical_ext,svc,6,poly2__svc__d6,poly2,id_val,10.0,0.8971699048374306,0.008505582809448242,0.888,0.8927448842132273,0.8876476630713919,0.8939393939393939,0.9400859580473411,0.8952866273148548,,,,
classical_ext,svc,6,poly2__svc__d6,poly2,id_test,10.0,0.8971699048374306,0.008505582809448242,0.868,0.8732760279684393,0.8673867965472344,0.8764044943820225,0.9317467444993265,0.8906627639739196,,,,
classical_ext,svc,6,poly2__svc__d6,poly2,ood_test,10.0,0.8971699048374306,0.008505582809448242,0.904,0.9046979006656426,0.9033816425120773,0.9111111111111111,0.9062339989759344,0.8132188452230498,,,,
classical_ext,gpc,6,poly2__gpc__d6,poly2,id_val,,,0.5179562568664551,0.892,0.8946372442106614,0.8919844457601894,0.8932806324110671,0.9570209763294631,0.9461714362546938,0.32213100597174876,0.09093413973050846,0.11363456873310511,0.4759509427460211
classical_ext,gpc,6,poly2__gpc__d6,poly2,id_test,,,0.5179562568664551,0.88,0.8839566360895503,0.8798076923076923,0.8846153846153846,0.9400218102508179,0.9252766872341056,0.34416368598576,0.1008467942819903,0.09731034762261094,0.4706653238182645
classical_ext,gpc,6,poly2__gpc__d6,poly2,ood_test,,,0.5179562568664551,0.686,0.6856758832565284,0.6853341670975786,0.6708595387840671,0.8041634664618534,0.6849736328836981,0.5177437204829421,0.1780296301838819,0.20888473290532794,0.4765269402431394
classical_ext,svc,6,poly3__svc__d6,poly3,id_val,10.0,0.8971699048374306,0.009662389755249023,0.892,0.8969465648854962,0.8916097952629466,0.8981132075471698,0.9423952787221759,0.8971650026451672,,,,
classical_ext,svc,6,poly3__svc__d6,poly3,id_test,10.0,0.8971699048374306,0.009662389755249023,0.872,0.8774777086407082,0.8713329902213072,0.8805970149253731,0.9418179485534671,0.9008512606838555,,,,
classical_ext,svc,6,poly3__svc__d6,poly3,ood_test,10.0,0.8971699048374306,0.009662389755249023,0.906,0.9067140296979006,0.9053636652853789,0.9131238447319778,0.9410682283666154,0.9100587793702728,,,,
classical_ext,gpc,6,poly3__gpc__d6,poly3,id_val,,,0.49377894401550293,0.9,0.9030406055551992,0.8999599839935974,0.9019607843137255,0.9601000705625762,0.9510602745205257,0.3016798648706946,0.08470269978248691,0.12252135999173508,0.45012520858785476
classical_ext,gpc,6,poly3__gpc__d6,poly3,id_test,,,0.49377894401550293,0.884,0.8881583167618192,0.8837749883774988,0.8888888888888888,0.9430367566874077,0.9304734537218735,0.32512682229812234,0.0952257564251806,0.07670479281922177,0.44487336980678366
classical_ext,gpc,6,poly3__gpc__d6,poly3,ood_test,,,0.49377894401550293,0.704,0.7038210445468509,0.7037677539190725,0.6954732510288066,0.8110439068100358,0.6969347654154575,0.48754224617773,0.165679051561407,0.1938683281082058,0.4607337026254513
classical_ext,svc,6,laplacian_med__svc__d6,laplacian_med,id_val,10.0,0.8984517876986724,0.006999969482421875,0.912,0.9148758740137276,0.9119774662313552,0.9133858267716536,0.9507986400667137,0.9056738619492098,,,,
classical_ext,svc,6,laplacian_med__svc__d6,laplacian_med,id_test,10.0,0.8984517876986724,0.006999969482421875,0.888,0.8915902238758099,0.8878851944391057,0.8914728682170543,0.9352107255115787,0.8556330546553311,,,,
classical_ext,svc,6,laplacian_med__svc__d6,laplacian_med,ood_test,10.0,0.8984517876986724,0.006999969482421875,0.92,0.9204429083461342,0.9198152543460132,0.9236641221374046,0.9695980542754736,0.9577347500568045,,,,
classical_ext,gpc,6,laplacian_med__gpc__d6,laplacian_med,id_val,,,0.5933098793029785,0.892,0.8969465648854962,0.8916097952629466,0.8981132075471698,0.962409391237411,0.9533406269478086,0.26276567119558497,0.07601215796814907,0.06041206942349253,0.38105616047836544
classical_ext,gpc,6,laplacian_med__gpc__d6,laplacian_med,id_test,,,0.5933098793029785,0.876,0.8812945025338379,0.8754239603928566,0.8838951310861424,0.9625376868304574,0.9550946991769608,0.2741314963104827,0.08140996309878284,0.08224097546035845,0.3778988581512848
classical_ext,gpc,6,laplacian_med__gpc__d6,laplacian_med,ood_test,,,0.5933098793029785,0.892,0.8926651305683564,0.8913725679524935,0.8996282527881041,0.8870807731694829,0.7708682733791341,0.3406085500868225,0.10124661363584965,0.10042285450951424,0.4039743218093214
classical_ext,svc,6,matern15_med__svc__d6,matern15_med,id_val,10.0,0.8955566019032514,0.0060002803802490234,0.908,0.9122137404580153,0.9078215425062922,0.9118773946360154,0.954262621078966,0.9324028763585546,,,,
classical_ext,svc,6,matern15_med__svc__d6,matern15_med,id_test,10.0,0.8955566019032514,0.0060002803802490234,0.892,0.896561678106357,0.8917071762044568,0.8973384030418251,0.9395086278786324,0.8753860153345547,,,,
classical_ext,svc,6,matern15_med__svc__d6,matern15_med,ood_test,10.0,0.8955566019032514,0.0060002803802490234,0.904,0.9046338965693804,0.9034997426659804,0.9104477611940298,0.9719822068612392,0.9650760788565844,,,,
classical_ext,gpc,6,matern15_med__gpc__d6,matern15_med,id_val,,,0.6025979518890381,0.892,0.8969465648854962,0.8916097952629466,0.8981132075471698,0.9631791647956893,0.956675564789417,0.2661115365551696,0.07727112941320702,0.069783928991892,0.38457587635879337
classical_ext,gpc,6,matern15_med__gpc__d6,matern15_med,id_test,,,0.6025979518890381,0.872,0.8774777086407082,0.8713329902213072,0.8805970149253731,0.9605491051382384,0.9551258469198639,0.28181047967716905,0.0847135610864445,0.08325185696188604,0.382273827531309
classical_ext,gpc,6,matern15_med__gpc__d6,matern15_med,ood_test,,,0.6025979518890381,0.878,0.8787122375832053,0.8771741187746407,0.8872458410351202,0.8648233486943164,0.7319204627866971,0.37358267033887116,0.11410462983897927,0.11799401989099846,0.41244447888685964
classical_ext,svc,6,matern25_med__svc__d6,matern25_med,id_val,100.0,0.8981992607449267,0.012255191802978516,0.916,0.9198473282442747,0.915890994729169,0.918918918918919,0.9538135865033036,0.9315728020199471,,,,
classical_ext,svc,6,matern25_med__svc__d6,matern25_med,id_test,100.0,0.8981992607449267,0.012255191802978516,0.9,0.9045801526717557,0.8997288668559785,0.9049429657794676,0.945474372955289,0.8891228240765828,,,,
classical_ext,svc,6,matern25_med__svc__d6,matern25_med,ood_test,100.0,0.8981992607449267,0.012255191802978516,0.902,0.9025857654889913,0.9015712443403465,0.9080675422138836,0.975326420890937,0.9738139975047756,,,,
classical_ext,gpc,6,matern25_med__gpc__d6,matern25_med,id_val,,,0.6466536521911621,0.892,0.8969465648854962,0.8916097952629466,0.8981132075471698,0.965103598691385,0.9595121437179928,0.26997228007616286,0.07797753887634776,0.07403388427295048,0.3929240936264547
classical_ext,gpc,6,matern25_med__gpc__d6,matern25_med,id_test,,,0.6466536521911621,0.872,0.8774777086407082,0.8713329902213072,0.8805970149253731,0.9579831932773109,0.9520727235614923,0.2876691066483372,0.08616646597692283,0.09138972191481201,0.39097862837524433
classical_ext,gpc,6,matern25_med__gpc__d6,matern25_med,ood_test,,,0.6466536521911621,0.848,0.8488543266769073,0.8464646464646465,0.8618181818181818,0.8529185867895546,0.7182508801939811,0.3907328652906832,0.1219722488856145,0.12134365516396012,0.4195321841271754
classical_ext,svc,6,rbf_gscale_x0.1__svc__d6,rbf_gscale_x0.1,id_val,100.0,0.8971699048374306,0.013408660888671875,0.888,0.8927448842132273,0.8876476630713919,0.8939393939393939,0.9384822631342613,0.8859162258983055,,,,
classical_ext,svc,6,rbf_gscale_x0.1__svc__d6,rbf_gscale_x0.1,id_test,100.0,0.8971699048374306,0.013408660888671875,0.868,0.8732760279684393,0.8673867965472344,0.8764044943820225,0.9401501058438643,0.8873775862381718,,,,
classical_ext,svc,6,rbf_gscale_x0.1__svc__d6,rbf_gscale_x0.1,ood_test,100.0,0.8971699048374306,0.013408660888671875,0.906,0.9066820276497696,0.9054246032863944,0.9128014842300557,0.966797875064004,0.9600803133162735,,,,
classical_ext,gpc,6,rbf_gscale_x0.1__gpc__d6,rbf_gscale_x0.1,id_val,,,0.6176869869232178,0.884,0.8862338828661236,0.8839981439703035,0.8844621513944223,0.9538777342998268,0.9432864163799275,0.3545912700749949,0.10233867696582964,0.14214612100539514,0.5077534114966531
classical_ext,gpc,6,rbf_gscale_x0.1__gpc__d6,rbf_gscale_x0.1,id_test,,,0.6176869869232178,0.872,0.8751683879658734,0.8719262295081966,0.875,0.9348258387324395,0.9185623252657906,0.37221816115605644,0.1102544187838411,0.13122595527974104,0.5052457136825562
classical_ext,gpc,6,rbf_gscale_x0.1__gpc__d6,rbf_gscale_x0.1,ood_test,,,0.6176869869232178,0.672,0.6715629800307219,0.6708149337615416,0.6510638297872341,0.8028513824884795,0.6882093712173165,0.5288350090813995,0.18115311871618042,0.22569050110433053,0.5130504724052439
classical_ext,svc,6,rbf_gscale_x0.3__svc__d6,rbf_gscale_x0.3,id_val,100.0,0.8989605629040496,0.012064695358276367,0.908,0.9110590801205978,0.9079631852741097,0.9098039215686274,0.9472705112579383,0.9152688332670424,,,,
classical_ext,svc,6,rbf_gscale_x0.3__svc__d6,rbf_gscale_x0.3,id_test,100.0,0.8989605629040496,0.012064695358276367,0.892,0.896561678106357,0.8917071762044568,0.8973384030418251,0.9395727756751555,0.8816418626690756,,,,
classical_ext,svc,6,rbf_gscale_x0.3__svc__d6,rbf_gscale_x0.3,ood_test,100.0,0.8989605629040496,0.012064695358276367,0.904,0.9046018945212494,0.9035540338525341,0.9101123595505618,0.9744943676395289,0.9619753981113268,,,,
classical_ext,gpc,6,rbf_gscale_x0.3__gpc__d6,rbf_gscale_x0.3,id_val,,,0.5981481075286865,0.88,0.8843415228686895,0.8797228815190199,0.8854961832061069,0.9616396176791326,0.95527090806426,0.30087746894971257,0.08592453584484977,0.1006847133852537,0.4376307911855168
classical_ext,gpc,6,rbf_gscale_x0.3__gpc__d6,rbf_gscale_x0.3,id_test,,,0.5981481075286865,0.876,0.8812945025338379,0.8754239603928566,0.8838951310861424,0.947527102444031,0.9385748703993084,0.32247463288036926,0.0953853774086229,0.09994572194520725,0.4348915683406757
classical_ext,gpc,6,rbf_gscale_x0.3__gpc__d6,rbf_gscale_x0.3,ood_test,,,0.5981481075286865,0.722,0.7219662058371736,0.721972197219722,0.7191919191919192,0.8174603174603174,0.7038205113882483,0.46811305126424485,0.15789146971279708,0.1793737966121791,0.4548781562475712
classical_ext,svc,6,rbf_gscale_x3__svc__d6,rbf_gscale_x3,id_val,10.0,0.897929635068998,0.012999534606933594,0.92,0.9236641221374046,0.9199179960279327,0.9224806201550387,0.9472705112579383,0.9149890274313343,,,,
classical_ext,svc,6,rbf_gscale_x3__svc__d6,rbf_gscale_x3,id_test,10.0,0.897929635068998,0.012999534606933594,0.9,0.9045801526717557,0.8997288668559785,0.9049429657794676,0.9395727756751556,0.8780217160889562,,,,
classical_ext,svc,6,rbf_gscale_x3__svc__d6,rbf_gscale_x3,ood_test,10.0,0.897929635068998,0.012999534606933594,0.904,0.9046018945212494,0.9035540338525341,0.9101123595505618,0.9742063492063492,0.9751076127972519,,,,
classical_ext,gpc,6,rbf_gscale_x3__gpc__d6,rbf_gscale_x3,id_val,,,0.8705532550811768,0.896,0.9007633587786259,0.8956728299948639,0.9015151515151515,0.9609339919173776,0.9530553283218218,0.2520988190418028,0.07489194242568245,0.06270786018368842,0.3481010212944493
classical_ext,gpc,6,rbf_gscale_x3__gpc__d6,rbf_gscale_x3,id_test,,,0.8705532550811768,0.88,0.8851112964269677,0.8795064584538268,0.8872180451127819,0.9654243376740009,0.9583675136917276,0.26316222619922847,0.08041479790088371,0.06524219090865767,0.3443179848646305
classical_ext,gpc,6,rbf_gscale_x3__gpc__d6,rbf_gscale_x3,ood_test,,,0.8705532550811768,0.896,0.8967613927291347,0.895188338493292,0.9044117647058824,0.8849846390168972,0.7603233294955068,0.32549585823912563,0.09329426922606265,0.10512928628019971,0.3704806833960553
classical_ext,svc,6,rbf_gscale_x10__svc__d6,rbf_gscale_x10,id_val,100.0,0.9014736099027585,0.016613483428955078,0.884,0.884309448970428,0.8838494689117096,0.8796680497925311,0.922830200782603,0.9186946524964974,,,,
classical_ext,svc,6,rbf_gscale_x10__svc__d6,rbf_gscale_x10,id_test,100.0,0.9014736099027585,0.016613483428955078,0.888,0.8912053370966708,0.8879354508196722,0.890625,0.9269998075566106,0.8857956109638315,,,,
classical_ext,svc,6,rbf_gscale_x10__svc__d6,rbf_gscale_x10,ood_test,100.0,0.9014736099027585,0.016613483428955078,0.938,0.9380120327700974,0.9379977679196452,0.937625754527163,0.9614375320020481,0.9412540814394373,,,,
classical_ext,gpc,6,rbf_gscale_x10__gpc__d6,rbf_gscale_x10,id_val,,,0.7662224769592285,0.9,0.9041952658926167,0.899806024463361,0.9042145593869731,0.9608056963243312,0.9517539752743871,0.2643470856306174,0.07849693424067254,0.07975244881981802,0.36328389437020087
classical_ext,gpc,6,rbf_gscale_x10__gpc__d6,rbf_gscale_x10,id_test,,,0.7662224769592285,0.888,0.8927448842132273,0.8876476630713919,0.8939393939393939,0.9607415485278081,0.9531438618912303,0.27080132177560834,0.08204785439925541,0.06606379761433903,0.35553633514418415
classical_ext,gpc,6,rbf_gscale_x10__gpc__d6,rbf_gscale_x10,ood_test,,,0.7662224769592285,0.908,0.9086341525857655,0.9075205867215645,0.914179104477612,0.9152745775729647,0.8094085725973489,0.3046467925059225,0.0859808879827451,0.0924788804009369,0.3777828892396277
classical_ext,svc,6,laplacian_med_x0.1__svc__d6,laplacian_med_x0.1,id_val,0.1,0.8953269561194819,0.009998798370361328,0.892,0.896561678106357,0.8917071762044568,0.8973384030418251,0.9438065302456861,0.9183716049592798,,,,
classical_ext,svc,6,laplacian_med_x0.1__svc__d6,laplacian_med_x0.1,id_test,0.1,0.8953269561194819,0.009998798370361328,0.872,0.877092821861569,0.871473555684082,0.8796992481203008,0.937327602796844,0.8914952346952328,,,,
classical_ext,svc,6,laplacian_med_x0.1__svc__d6,laplacian_med_x0.1,ood_test,0.1,0.8953269561194819,0.009998798370361328,0.9,0.9006336405529953,0.8994788986103963,0.9067164179104478,0.9333397337429595,0.9038744974651868,,,,
classical_ext,gpc,6,laplacian_med_x0.1__gpc__d6,laplacian_med_x0.1,id_val,,,0.5506875514984131,0.888,0.8919751106549489,0.8878205128205128,0.8923076923076924,0.9568926807364166,0.9443154610749501,0.3119735916983871,0.08994861496080082,0.10214169649857817,0.45178574311038155
classical_ext,gpc,6,laplacian_med_x0.1__gpc__d6,laplacian_med_x0.1,id_test,,,0.5506875514984131,0.88,0.8847264096478286,0.8796224961479199,0.8863636363636364,0.9582397844634036,0.9428038013890276,0.3126403795570402,0.0900926369619607,0.11631146873428116,0.4450513607773121
classical_ext,gpc,6,laplacian_med_x0.1__gpc__d6,laplacian_med_x0.1,ood_test,,,0.5506875514984131,0.9,0.9006336405529953,0.8994788986103963,0.9067164179104478,0.9372599846390169,0.8842375227451533,0.3277822383943703,0.09250428835024005,0.11300818345682097,0.4736961845059642
classical_ext,svc,6,laplacian_med_x0.3__svc__d6,laplacian_med_x0.3,id_val,10.0,0.8976304314909058,0.010999679565429688,0.912,0.9137212136763102,0.9119943676395289,0.9112903225806451,0.962409391237411,0.9223416099107451,,,,
classical_ext,svc,6,laplacian_med_x0.3__svc__d6,laplacian_med_x0.3,id_test,10.0,0.8976304314909058,0.010999679565429688,0.884,0.8866187696452628,0.8839832935942775,0.8853754940711462,0.9358522034768106,0.881826596410172,,,,
classical_ext,svc,6,laplacian_med_x0.3__svc__d6,laplacian_med_x0.3,ood_test,10.0,0.8976304314909058,0.010999679565429688,0.928,0.9281554019457245,0.927989630506793,0.9288537549407114,0.9776145673323092,0.9739145765477298,,,,
classical_ext,gpc,6,laplacian_med_x0.3__gpc__d6,laplacian_med_x0.3,id_val,,,0.6999328136444092,0.896,0.9003784719994868,0.8957598306498171,0.9007633587786259,0.9604849573417154,0.9512945622301703,0.2647083118240794,0.07702531286274683,0.07392082386442725,0.377205586008574
classical_ext,gpc,6,laplacian_med_x0.3__gpc__d6,laplacian_med_x0.3,id_test,,,0.6999328136444092,0.88,0.8851112964269677,0.8795064584538268,0.8872180451127819,0.9622169478478414,0.9531734739667224,0.270899368884548,0.07998608698682667,0.06565871073341754,0.37109511130573786
classical_ext,gpc,6,laplacian_med_x0.3__gpc__d6,laplacian_med_x0.3,ood_test,,,0.6999328136444092,0.894,0.8946812596006144,0.8933511483867852,0.9016697588126159,0.9161386328725039,0.815693214708327,0.31046684153599335,0.08900670075189336,0.10260076725074048,0.40224886086264394
classical_ext,svc,6,laplacian_med_x3__svc__d6,laplacian_med_x3,id_val,100.0,0.8994626413772394,0.009002208709716797,0.916,0.9175380075694399,0.9159879022579251,0.9149797570850202,0.9592661492077746,0.9282279198487551,,,,
classical_ext,svc,6,laplacian_med_x3__svc__d6,laplacian_med_x3,id_test,100.0,0.8994626413772394,0.009002208709716797,0.884,0.8854641093078452,0.8839832935942775,0.8825910931174089,0.9330938482263135,0.8624888734510907,,,,
classical_ext,svc,6,laplacian_med_x3__svc__d6,laplacian_med_x3,ood_test,100.0,0.8994626413772394,0.009002208709716797,0.92,0.9201548899129545,0.9199884783408812,0.9209486166007905,0.9618215565796211,0.958034337318219,,,,
classical_ext,gpc,6,laplacian_med_x3__gpc__d6,laplacian_med_x3,id_val,,,0.5878252983093262,0.892,0.8969465648854962,0.8916097952629466,0.8981132075471698,0.960035922766053,0.9534581370185142,0.2888514122133356,0.08114100072979125,0.08752289788948416,0.4366827370576361
classical_ext,gpc,6,laplacian_med_x3__gpc__d6,laplacian_med_x3,id_test,,,0.5878252983093262,0.876,0.8812945025338379,0.8754239603928566,0.8838951310861424,0.9527872217589326,0.94762203089687,0.30304025578812127,0.08777955872818449,0.10729645134858695,0.436319860105969
classical_ext,gpc,6,laplacian_med_x3__gpc__d6,laplacian_med_x3,ood_test,,,0.5878252983093262,0.86,0.8606310803891449,0.8592704580545548,0.8694029850746269,0.8585829493087558,0.727503565815124,0.3904112138292354,0.12122917141862007,0.10911291127776859,0.4495187254698451
classical_ext,svc,6,laplacian_med_x10__svc__d6,laplacian_med_x10,id_val,100.0,0.8992624050748237,0.008691787719726562,0.916,0.9186926679068574,0.9159879022579251,0.9169960474308301,0.9534928475206877,0.910954238238353,,,,
classical_ext,svc,6,laplacian_med_x10__svc__d6,laplacian_med_x10,id_test,100.0,0.8992624050748237,0.008691787719726562,0.892,0.8954070177689397,0.891915261565067,0.8949416342412452,0.9350182821220091,0.8565235505481689,,,,
classical_ext,svc,6,laplacian_med_x10__svc__d6,laplacian_med_x10,ood_test,100.0,0.8992624050748237,0.008691787719726562,0.902,0.9024257552483359,0.9017921922788621,0.9063097514340345,0.9468605990783411,0.932532659351533,,,,
classical_ext,gpc,6,laplacian_med_x10__gpc__d6,laplacian_med_x10,id_val,,,0.46073436737060547,0.892,0.8969465648854962,0.8916097952629466,0.8981132075471698,0.9568285329398936,0.9487688193113755,0.34892281132077935,0.09753391893923007,0.1397444778892367,0.5299197466182002
classical_ext,gpc,6,laplacian_med_x10__gpc__d6,laplacian_med_x10,id_test,,,0.46073436737060547,0.872,0.8774777086407082,0.8713329902213072,0.8805970149253731,0.9478478414266469,0.9421022119243905,0.36168948424445047,0.10352825228799635,0.14426061231839118,0.5310748939028647
classical_ext,gpc,6,laplacian_med_x10__gpc__d6,laplacian_med_x10,ood_test,,,0.46073436737060547,0.794,0.7945788530465949,0.7930987381031774,0.8067542213883677,0.8325652841781874,0.7219407226618182,0.45738828268017573,0.14634189442970014,0.1657195851966073,0.5312040815366136
classical_ext,svc,6,matern15_med_x0.1__svc__d6,matern15_med_x0.1,id_val,0.1,0.8953269561194819,0.007999897003173828,0.888,0.8927448842132273,0.8876476630713919,0.8939393939393939,0.9377124895759831,0.8952284893844817,,,,
classical_ext,svc,6,matern15_med_x0.1__svc__d6,matern15_med_x0.1,id_test,0.1,0.8953269561194819,0.007999897003173828,0.872,0.877092821861569,0.871473555684082,0.8796992481203008,0.9331579960228367,0.8926087927624737,,,,
classical_ext,svc,6,matern15_med_x0.1__svc__d6,matern15_med_x0.1,ood_test,0.1,0.8953269561194819,0.007999897003173828,0.898,0.8985855094726063,0.8975537441093402,0.9043151969981238,0.9363319252432155,0.9021523499967379,,,,
classical_ext,gpc,6,matern15_med_x0.1__gpc__d6,matern15_med_x0.1,id_val,,,0.6406111717224121,0.892,0.8954070177689397,0.891915261565067,0.8949416342412452,0.9545192122650586,0.9429100891388561,0.30845340442880276,0.09020987290676012,0.08333745860706838,0.4348268538312179
classical_ext,gpc,6,matern15_med_x0.1__gpc__d6,matern15_med_x0.1,id_test,,,0.6406111717224121,0.88,0.8847264096478286,0.8796224961479199,0.8863636363636364,0.9563153505677079,0.9425097978591089,0.30868466554249185,0.09019540444439964,0.10293377897921512,0.4279224863492052
classical_ext,gpc,6,matern15_med_x0.1__gpc__d6,matern15_med_x0.1,ood_test,,,0.6406111717224121,0.904,0.9046018945212494,0.9035540338525341,0.9101123595505618,0.9296274961597543,0.8505782474931385,0.32117570487425035,0.09013138798320813,0.11731706904542175,0.45346075680267
classical_ext,svc,6,matern15_med_x0.3__svc__d6,matern15_med_x0.3,id_val,100.0,0.8967888327058455,0.015224695205688477,0.888,0.8881262428635577,0.8878205128205128,0.8833333333333333,0.9550323946372442,0.9320486751699097,,,,
classical_ext,svc,6,matern15_med_x0.3__svc__d6,matern15_med_x0.3,id_test,100.0,0.8967888327058455,0.015224695205688477,0.884,0.8870036564244018,0.883953581432573,0.8862745098039215,0.9219321316312784,0.8716441977453204,,,,
classical_ext,svc,6,matern15_med_x0.3__svc__d6,matern15_med_x0.3,ood_test,100.0,0.8967888327058455,0.015224695205688477,0.928,0.927963389656938,0.927989630506793,0.9271255060728745,0.9660938300051204,0.9677290183578985,,,,
classical_ext,gpc,6,matern15_med_x0.3__gpc__d6,matern15_med_x0.3,id_val,,,0.6681036949157715,0.9,0.9045801526717557,0.8997288668559785,0.9049429657794676,0.9607415485278081,0.9519891867640115,0.2597776406900296,0.0769586633930798,0.08276485038258785,0.35898589405225323
classical_ext,gpc,6,matern15_med_x0.3__gpc__d6,matern15_med_x0.3,id_test,,,0.6681036949157715,0.888,0.8927448842132273,0.8876476630713919,0.8939393939393939,0.9619603566617486,0.9544940052359181,0.2677630957113029,0.08114874070063381,0.05917334583242144,0.3529381579938267
classical_ext,gpc,6,matern15_med_x0.3__gpc__d6,matern15_med_x0.3,ood_test,,,0.6681036949157715,0.9,0.9006656426011265,0.8994190444004571,0.9070631970260223,0.9079621095750128,0.7975273278132242,0.31186686995915586,0.088765972726009,0.09575654290509285,0.3816959951760768
classical_ext,svc,6,matern15_med_x3__svc__d6,matern15_med_x3,id_val,10.0,0.896128238170764,0.007999420166015625,0.888,0.8927448842132273,0.8876476630713919,0.8939393939393939,0.9345692475463467,0.8607311749937712,,,,
classical_ext,svc,6,matern15_med_x3__svc__d6,matern15_med_x3,id_test,10.0,0.896128238170764,0.007999420166015625,0.872,0.8774777086407082,0.8713329902213072,0.8805970149253731,0.9397010712682019,0.881464697211554,,,,
classical_ext,svc,6,matern15_med_x3__svc__d6,matern15_med_x3,ood_test,10.0,0.896128238170764,0.007999420166015625,0.904,0.9046979006656426,0.9033816425120773,0.9111111111111111,0.9595334101382489,0.9497483014794158,,,,
classical_ext,gpc,6,matern15_med_x3__gpc__d6,matern15_med_x3,id_val,,,0.6104159355163574,0.884,0.8866187696452628,0.8839832935942775,0.8853754940711462,0.9602925139521457,0.9536181115104535,0.3396222796417842,0.09649747402727922,0.12471902971677454,0.5007298966786581
classical_ext,gpc,6,matern15_med_x3__gpc__d6,matern15_med_x3,id_test,,,0.6104159355163574,0.876,0.8797549554172814,0.8758390874573447,0.8803088803088803,0.9475912502405541,0.939402931683238,0.3566597522138063,0.10428801407707317,0.11270050678625815,0.4984757381685878
classical_ext,gpc,6,matern15_med_x3__gpc__d6,matern15_med_x3,ood_test,,,0.6104159355163574,0.68,0.6796594982078853,0.6792610173840529,0.6638655462184874,0.8138440860215054,0.7000892891478601,0.49757595585096626,0.16712168190097998,0.22513887380399572,0.5111085183329483
classical_ext,svc,6,matern15_med_x10__svc__d6,matern15_med_x10,id_val,100.0,0.8867747158339941,0.00999760627746582,0.892,0.8969465648854962,0.8916097952629466,0.8981132075471698,0.9318108922958497,0.8725651953484997,,,,
classical_ext,svc,6,matern15_med_x10__svc__d6,matern15_med_x10,id_test,100.0,0.8867747158339941,0.00999760627746582,0.872,0.8774777086407082,0.8713329902213072,0.8805970149253731,0.9157739431650522,0.8504460126906708,,,,
classical_ext,svc,6,matern15_med_x10__svc__d6,matern15_med_x10,ood_test,100.0,0.8867747158339941,0.00999760627746582,0.9,0.9007296466973886,0.8992893859069595,0.9077490774907749,0.8812403993855608,0.7855372570181509,,,,
classical_ext,gpc,6,matern15_med_x10__gpc__d6,matern15_med_x10,id_val,,,0.4061088562011719,0.884,0.8862338828661236,0.8839981439703035,0.8844621513944223,0.9452819295657193,0.945847023447896,0.5100987071291939,0.16199718687651507,0.2705216335072839,0.6516390067664936
classical_ext,gpc,6,matern15_med_x10__gpc__d6,matern15_med_x10,id_test,,,0.4061088562011719,0.872,0.8755532747450125,0.8718687936446922,0.875968992248062,0.937712489575983,0.9371203722414753,0.5157414391775992,0.16486378988137096,0.24939467387460512,0.6506915790404889
classical_ext,gpc,6,matern15_med_x10__gpc__d6,matern15_med_x10,ood_test,,,0.4061088562011719,0.67,0.6695788530465949,0.668886132951248,0.6496815286624203,0.8001952124935996,0.688040062019913,0.5917695241973552,0.20103271516395724,0.232098500291849,0.6540936484686847
classical_ext,svc,6,matern25_med_x0.1__svc__d6,matern25_med_x0.1,id_val,10.0,0.8957286638102498,0.011999368667602539,0.876,0.8766758611841683,0.8759027077228547,0.8724279835390947,0.9456668163448585,0.9117792115243117,,,,
classical_ext,svc,6,matern25_med_x0.1__svc__d6,matern25_med_x0.1,id_test,10.0,0.8957286638102498,0.011999368667602539,0.868,0.8701969337353261,0.8679978879662075,0.8685258964143426,0.9079479119892233,0.8539117764604921,,,,
classical_ext,svc,6,matern25_med_x0.1__svc__d6,matern25_med_x0.1,ood_test,10.0,0.8957286638102498,0.011999368667602539,0.904,0.9039938556067588,0.9039938556067588,0.9032258064516129,0.966445852534562,0.9692503341674378,,,,
classical_ext,gpc,6,matern25_med_x0.1__gpc__d6,matern25_med_x0.1,id_val,,,0.7401235103607178,0.888,0.8912053370966708,0.8879354508196722,0.890625,0.9545833600615818,0.9430728147326205,0.30752129269465195,0.09011311730622874,0.08531162340988045,0.4315806619523826
classical_ext,gpc,6,matern25_med_x0.1__gpc__d6,matern25_med_x0.1,id_test,,,0.7401235103607178,0.88,0.8847264096478286,0.8796224961479199,0.8863636363636364,0.9564436461607543,0.9431712509345375,0.3072238073477958,0.08986079441932769,0.10210323322171805,0.4245275078657318
classical_ext,gpc,6,matern25_med_x0.1__gpc__d6,matern25_med_x0.1,ood_test,,,0.7401235103607178,0.904,0.9046018945212494,0.9035540338525341,0.9101123595505618,0.9289714541730671,0.8476917361835641,0.3198631313283507,0.0896751851703022,0.11340160298414631,0.44934618192370546
classical_ext,svc,6,matern25_med_x0.3__svc__d6,matern25_med_x0.3,id_val,100.0,0.8964470106429119,0.014936447143554688,0.884,0.884309448970428,0.8838494689117096,0.8796680497925311,0.9439989736352556,0.9324258902616807,,,,
classical_ext,svc,6,matern25_med_x0.3__svc__d6,matern25_med_x0.3,id_test,100.0,0.8964470106429119,0.014936447143554688,0.888,0.8912053370966708,0.8879354508196722,0.890625,0.9307845275514787,0.8736377396377097,,,,
classical_ext,svc,6,matern25_med_x0.3__svc__d6,matern25_med_x0.3,ood_test,100.0,0.8964470106429119,0.014936447143554688,0.936,0.9360279057859704,0.9359989759836157,0.9357429718875502,0.9614215309779826,0.9508213757461524,,,,
classical_ext,gpc,6,matern25_med_x0.3__gpc__d6,matern25_med_x0.3,id_val,,,0.7208194732666016,0.9,0.9045801526717557,0.8997288668559785,0.9049429657794676,0.960035922766053,0.9511499505189772,0.2579644510528826,0.07655648890931428,0.08010329225456261,0.3554228736885551
classical_ext,gpc,6,matern25_med_x0.3__gpc__d6,matern25_med_x0.3,id_test,,,0.7208194732666016,0.888,0.8927448842132273,0.8876476630713919,0.8939393939393939,0.962088652254795,0.9548438449440393,0.26648093143894375,0.08103367529292928,0.05892787100191421,0.3493240047256738
classical_ext,gpc,6,matern25_med_x0.3__gpc__d6,matern25_med_x0.3,ood_test,,,0.7208194732666016,0.902,0.9026817716333846,0.901400118319858,0.9090909090909091,0.9061539938556069,0.7955697498525249,0.31201204102217894,0.08871246642805507,0.08628378295196322,0.37640531271384303
classical_ext,svc,6,matern25_med_x3__svc__d6,matern25_med_x3,id_val,100.0,0.8962083663758922,0.012003898620605469,0.892,0.8969465648854962,0.8916097952629466,0.8981132075471698,0.9441914170248251,0.9071276031483452,,,,
classical_ext,svc,6,matern25_med_x3__svc__d6,matern25_med_x3,id_test,100.0,0.8962083663758922,0.012003898620605469,0.876,0.8812945025338379,0.8754239603928566,0.8838951310861424,0.9412406183847584,0.8882187672197066,,,,
classical_ext,svc,6,matern25_med_x3__svc__d6,matern25_med_x3,ood_test,100.0,0.8962083663758922,0.012003898620605469,0.906,0.9066820276497696,0.9054246032863944,0.9128014842300557,0.9678219406041987,0.9595748701309067,,,,
classical_ext,gpc,6,matern25_med_x3__gpc__d6,matern25_med_x3,id_val,,,0.5968141555786133,0.884,0.8862338828661236,0.8839981439703035,0.8844621513944223,0.9566360895503239,0.9475455517266205,0.3642100658261774,0.10506592023503233,0.14238738653854438,0.5254059893783821
classical_ext,gpc,6,matern25_med_x3__gpc__d6,matern25_med_x3,id_test,,,0.5968141555786133,0.868,0.8713515940727437,0.8678964308017485,0.8715953307392996,0.9399576624542947,0.9266203487439307,0.38030671630055346,0.11245370424579652,0.12852408162762255,0.5231496695464575
classical_ext,gpc,6,matern25_med_x3__gpc__d6,matern25_med_x3,ood_test,,,0.5968141555786133,0.672,0.6715629800307219,0.6708149337615416,0.6510638297872341,0.8059075780849976,0.6932047452710122,0.5256439799535637,0.17843559174476992,0.21517389546650448,0.5312110764044979
classical_ext,svc,6,matern25_med_x10__svc__d6,matern25_med_x10,id_val,10.0,0.8432367576331519,0.010064363479614258,0.884,0.8862338828661236,0.8839981439703035,0.8844621513944223,0.9212265058695234,0.8796572155902398,,,,
classical_ext,svc,6,matern25_med_x10__svc__d6,matern25_med_x10,id_test,10.0,0.8432367576331519,0.010064363479614258,0.876,0.8789851818590031,0.8759503801520608,0.8784313725490196,0.8874206171018025,0.8301637677279581,,,,
classical_ext,svc,6,matern25_med_x10__svc__d6,matern25_med_x10,ood_test,10.0,0.8432367576331519,0.010064363479614258,0.676,0.675563236047107,0.6748293857888398,0.6553191489361702,0.7329909114183307,0.5815513153336265,,,,
classical_ext,gpc,6,matern25_med_x10__gpc__d6,matern25_med_x10,id_val,,,0.39025115966796875,0.748,0.7564628904997113,0.7429620563035495,0.7789473684210526,0.9448328949900571,0.9458800559576437,0.5525705755531198,0.18135346476980185,0.294619581008846,0.6693945187604763
classical_ext,gpc,6,matern25_med_x10__gpc__d6,matern25_med_x10,id_test,,,0.39025115966796875,0.736,0.7457822823786002,0.7283324552160169,0.773972602739726,0.9377766373725063,0.9372224093507,0.5562707883062993,0.18324474912734143,0.28184819430531655,0.668725660436831
classical_ext,gpc,6,matern25_med_x10__gpc__d6,matern25_med_x10,ood_test,,,0.39025115966796875,0.67,0.6695788530465949,0.668886132951248,0.6496815286624203,0.7928507424475166,0.6819156847625304,0.6163595417656976,0.2122790149470996,0.21620839143963635,0.6710416965243076
quantum,svc,6,zz_r1_full__as0.5__svc__d6,zz_r1_full__as0.5,id_val,1.0,0.8876253131023049,0.009001493453979492,0.888,0.8927448842132273,0.8876476630713919,0.8939393939393939,0.9492590929501572,0.9101104715337393,,,,
quantum,svc,6,zz_r1_full__as0.5__svc__d6,zz_r1_full__as0.5,id_test,1.0,0.8876253131023049,0.009001493453979492,0.884,0.8889280903200976,0.88358089120835,0.8905660377358491,0.9320674834819422,0.8429442198276859,,,,
quantum,svc,6,zz_r1_full__as0.5__svc__d6,zz_r1_full__as0.5,ood_test,1.0,0.8876253131023049,0.009001493453979492,0.898,0.8986175115207373,0.8974977389207115,0.9046728971962616,0.9527489759344597,0.9368902821522286,,,,
quantum,gpc,6,zz_r1_full__as0.5__gpc__d6,zz_r1_full__as0.5,id_val,,,0.7929909229278564,0.892,0.8957919045480788,0.8918598503660744,0.8957528957528957,0.9565719417538008,0.945398905291407,0.2869192425415468,0.0830937750661713,0.08646593195973729,0.4104489366627921
quantum,gpc,6,zz_r1_full__as0.5__gpc__d6,zz_r1_full__as0.5,id_test,,,0.7929909229278564,0.88,0.8847264096478286,0.8796224961479199,0.8863636363636364,0.9595227403938675,0.9506690238739653,0.2914153499019028,0.0855313379338272,0.07745108548649418,0.4026828925217769
quantum,gpc,6,zz_r1_full__as0.5__gpc__d6,zz_r1_full__as0.5,ood_test,,,0.7929909229278564,0.888,0.8886328725038403,0.8874163664436439,0.8955223880597015,0.9168906810035842,0.8211489172248392,0.32902979784981606,0.09479494972940095,0.1086257914942576,0.432125259088283
quantum,svc,6,zz_r2_full__as0.5__svc__d6,zz_r2_full__as0.5,id_val,1.0,0.8892370441089288,0.009511232376098633,0.9,0.90265571877606,0.8999855979261013,0.9011857707509882,0.9432933478735006,0.8856363373951364,,,,
quantum,svc,6,zz_r2_full__as0.5__svc__d6,zz_r2_full__as0.5,id_test,1.0,0.8892370441089288,0.009511232376098633,0.884,0.8881583167618192,0.8837749883774988,0.8888888888888888,0.9307203797549555,0.8558195551746173,,,,
quantum,svc,6,zz_r2_full__as0.5__svc__d6,zz_r2_full__as0.5,ood_test,1.0,0.8892370441089288,0.009511232376098633,0.896,0.8964413722478239,0.8957598306498171,0.9007633587786259,0.9525569636456733,0.9329643527566468,,,,
quantum,gpc,6,zz_r2_full__as0.5__gpc__d6,zz_r2_full__as0.5,id_val,,,0.731926441192627,0.888,0.8915902238758099,0.8878851944391057,0.8914728682170543,0.9520174482006544,0.9390847411811472,0.31980108655424316,0.09363741730661636,0.10009821911131861,0.44968431426843886
quantum,gpc,6,zz_r2_full__as0.5__gpc__d6,zz_r2_full__as0.5,id_test,,,0.731926441192627,0.88,0.8843415228686895,0.8797228815190199,0.8854961832061069,0.9551606902302906,0.9436890245580998,0.319082167298468,0.0933586042833453,0.0950066494428614,0.4413565491047222
quantum,gpc,6,zz_r2_full__as0.5__gpc__d6,zz_r2_full__as0.5,ood_test,,,0.731926441192627,0.884,0.8845046082949308,0.8836350796096559,0.8901515151515151,0.9262672811059908,0.8493467427820061,0.3464342670202757,0.09931142550059349,0.12324110580676169,0.47874549217130663
quantum,svc,6,pauli_xz_r1_full__as0.5__svc__d6,pauli_xz_r1_full__as0.5,id_val,100.0,0.8972377222833885,0.015004396438598633,0.924,0.9274809160305344,0.9239403692494916,0.9260700389105059,0.9513118224388992,0.9215691322809538,,,,
quantum,svc,6,pauli_xz_r1_full__as0.5__svc__d6,pauli_xz_r1_full__as0.5,id_test,100.0,0.8972377222833885,0.015004396438598633,0.9,0.9045801526717557,0.8997288668559785,0.9049429657794676,0.9462441465135673,0.893014658558944,,,,
quantum,svc,6,pauli_xz_r1_full__as0.5__svc__d6,pauli_xz_r1_full__as0.5,ood_test,100.0,0.8972377222833885,0.015004396438598633,0.902,0.9025857654889913,0.9015712443403465,0.9080675422138836,0.9763664874551972,0.9763948770275034,,,,
quantum,gpc,6,pauli_xz_r1_full__as0.5__gpc__d6,pauli_xz_r1_full__as0.5,id_val,,,0.6390397548675537,0.892,0.8969465648854962,0.8916097952629466,0.8981132075471698,0.9636923471678748,0.9579394661997833,0.2560635878917234,0.07538991355718042,0.06862145716017316,0.36112878234829054
quantum,gpc,6,pauli_xz_r1_full__as0.5__gpc__d6,pauli_xz_r1_full__as0.5,id_test,,,0.6390397548675537,0.876,0.8812945025338379,0.8754239603928566,0.8838951310861424,0.9629225736095964,0.9572954781738804,0.27256917595711716,0.08299954958547304,0.07541379194655064,0.35980124501769556
quantum,gpc,6,pauli_xz_r1_full__as0.5__gpc__d6,pauli_xz_r1_full__as0.5,ood_test,,,0.6390397548675537,0.892,0.8927291346646186,0.8912325367795162,0.9003690036900369,0.8640713005632361,0.7268130014640464,0.3571650548405466,0.10642325705025367,0.1241517291408022,0.3890687667868635
quantum,svc,6,zmap_r2__as0.5__svc__d6,zmap_r2__as0.5,id_val,100.0,0.8992301885799785,0.015998125076293945,0.92,0.9236641221374046,0.9199179960279327,0.9224806201550387,0.9517608570145615,0.9243646414444351,,,,
quantum,svc,6,zmap_r2__as0.5__svc__d6,zmap_r2__as0.5,id_test,100.0,0.8992301885799785,0.015998125076293945,0.9,0.9045801526717557,0.8997288668559785,0.9049429657794676,0.9490025017640644,0.89857352846159,,,,
quantum,svc,6,zmap_r2__as0.5__svc__d6,zmap_r2__as0.5,ood_test,100.0,0.8992301885799785,0.015998125076293945,0.9,0.9005376344086022,0.8996386993175431,0.9056603773584906,0.9698540706605223,0.9688615481492169,,,,
quantum,gpc,6,zmap_r2__as0.5__gpc__d6,zmap_r2__as0.5,id_val,,,0.6065466403961182,0.892,0.8969465648854962,0.8916097952629466,0.8981132075471698,0.9588171146321125,0.9513684239491209,0.25340733018523115,0.07572918864364823,0.05298590322734956,0.34705063336288816
quantum,gpc,6,zmap_r2__as0.5__gpc__d6,zmap_r2__as0.5,id_test,,,0.6065466403961182,0.876,0.8812945025338379,0.8754239603928566,0.8838951310861424,0.9664507024183718,0.9599288913887347,0.26459888891044625,0.0812454925300131,0.07018736446931856,0.3459956753179491
quantum,gpc,6,zmap_r2__as0.5__gpc__d6,zmap_r2__as0.5,ood_test,,,0.6065466403961182,0.896,0.8967613927291347,0.895188338493292,0.9044117647058824,0.8750480030721967,0.7422743393855723,0.34080524620641883,0.09938003983373318,0.10920161624825918,0.37108562045004645
quantum,svc,6,zz_r1_full__svc__d6,zz_r1_full,id_val,1.0,0.8850839232873688,0.008006811141967773,0.884,0.88777342998268,0.8838494689117096,0.888030888030888,0.9310411187375713,0.852747193638171,,,,
quantum,svc,6,zz_r1_full__svc__d6,zz_r1_full,id_test,1.0,0.8850839232873688,0.008006811141967773,0.88,0.8847264096478286,0.8796224961479199,0.8863636363636364,0.9318108922958497,0.8480940375725676,,,,
quantum,svc,6,zz_r1_full__svc__d6,zz_r1_full,ood_test,1.0,0.8850839232873688,0.008006811141967773,0.908,0.908442140296979,0.9077875424979152,0.9122137404580153,0.9585413466461854,0.9417005341384526,,,,
quantum,gpc,6,zz_r1_full__gpc__d6,zz_r1_full,id_val,,,0.7118868827819824,0.884,0.887388543203541,0.8839089846439608,0.8871595330739299,0.950221309898005,0.9347182703116095,0.3214185713322413,0.09368507047633683,0.10016488375052535,0.45383877956768776
quantum,gpc,6,zz_r1_full__gpc__d6,zz_r1_full,id_test,,,0.7118868827819824,0.868,0.8728911411893001,0.8675230830991569,0.8754716981132076,0.952915517351979,0.9400589317929561,0.32500369476125773,0.09534621847423738,0.10672914273419087,0.45048931816905424
quantum,gpc,6,zz_r1_full__gpc__d6,zz_r1_full,ood_test,,,0.7118868827819824,0.888,0.8884408602150538,0.8877413560844185,0.8931297709923665,0.9190028161802355,0.836107743468463,0.3481496040330565,0.10028902907410789,0.12545159599811084,0.47694098778397553
quantum,svc,6,zz_r2_full__svc__d6,zz_r2_full,id_val,1.0,0.8734065145810718,0.0076296329498291016,0.9,0.90265571877606,0.8999855979261013,0.9011857707509882,0.9339919173776381,0.8699018969326016,,,,
quantum,svc,6,zz_r2_full__svc__d6,zz_r2_full,id_test,1.0,0.8734065145810718,0.0076296329498291016,0.86,0.8621784591699275,0.8599977599641595,0.8605577689243028,0.9227019051895566,0.8466956237815432,,,,
quantum,svc,6,zz_r2_full__svc__d6,zz_r2_full,ood_test,1.0,0.8734065145810718,0.0076296329498291016,0.878,0.8781041986687148,0.8779956078418822,0.878727634194831,0.9515008960573477,0.9370396517751333,,,,
quantum,gpc,6,zz_r2_full__gpc__d6,zz_r2_full,id_val,,,0.47544312477111816,0.904,0.9068573994483289,0.903975417706933,0.905511811023622,0.9454102251587658,0.9273299105032405,0.3702774985662846,0.11045180276610649,0.1492001935104722,0.5095599056902105
quantum,gpc,6,zz_r2_full__gpc__d6,zz_r2_full,id_test,,,0.47544312477111816,0.872,0.8751683879658734,0.8719262295081966,0.875,0.9453460773622425,0.9296036241467122,0.3706993654138282,0.11102159195931541,0.12864073840765408,0.5022453972126091
quantum,gpc,6,zz_r2_full__gpc__d6,zz_r2_full,ood_test,,,0.47544312477111816,0.854,0.8539746543778801,0.853985398539854,0.8525252525252526,0.922427035330261,0.877245578984406,0.40432279365784085,0.12214219082077427,0.14937836029619167,0.5394221912954512
quantum,svc,6,pauli_xz_r1_full__svc__d6,pauli_xz_r1_full,id_val,10.0,0.9010224185741527,0.009433269500732422,0.924,0.9274809160305344,0.9239403692494916,0.9260700389105059,0.947527102444031,0.904981255050672,,,,
quantum,svc,6,pauli_xz_r1_full__svc__d6,pauli_xz_r1_full,id_test,10.0,0.9010224185741527,0.009433269500732422,0.904,0.9083969465648856,0.9037783052152158,0.9083969465648855,0.9346975431393931,0.8622710753059399,,,,
quantum,svc,6,pauli_xz_r1_full__svc__d6,pauli_xz_r1_full,ood_test,10.0,0.9010224185741527,0.009433269500732422,0.904,0.9046018945212494,0.9035540338525341,0.9101123595505618,0.9672619047619049,0.9659446094872278,,,,
quantum,gpc,6,pauli_xz_r1_full__gpc__d6,pauli_xz_r1_full,id_val,,,0.6902520656585693,0.904,0.9076271730066072,0.9039015952335191,0.9069767441860465,0.9615113220860864,0.9534416467429547,0.2526717931583872,0.07506783365241043,0.0844252717880597,0.347411090046647
quantum,gpc,6,pauli_xz_r1_full__gpc__d6,pauli_xz_r1_full,id_test,,,0.6902520656585693,0.884,0.8889280903200976,0.88358089120835,0.8905660377358491,0.9618962088652254,0.9547490249958891,0.26286452679617694,0.08032652393876756,0.057459963346875954,0.33970907525109634
quantum,gpc,6,pauli_xz_r1_full__gpc__d6,pauli_xz_r1_full,ood_test,,,0.6902520656585693,0.9,0.9006656426011265,0.8994190444004571,0.9070631970260223,0.9011296722990272,0.7897792279825304,0.310519603399928,0.08989703094528195,0.08576055037801782,0.3579482512650311
quantum,svc,6,zmap_r2__svc__d6,zmap_r2,id_val,100.0,0.8979694465403478,0.014999866485595703,0.892,0.8930976970941048,0.8919567827130852,0.889795918367347,0.9435499390595934,0.9260317269895169,,,,
quantum,svc,6,zmap_r2__svc__d6,zmap_r2,id_test,100.0,0.8979694465403478,0.014999866485595703,0.88,0.8843415228686895,0.8797228815190199,0.8854961832061069,0.9355314644941946,0.8743134811965193,,,,
quantum,svc,6,zmap_r2__svc__d6,zmap_r2,ood_test,100.0,0.8979694465403478,0.014999866485595703,0.944,0.9441244239631337,0.9439964157706093,0.9444444444444444,0.9652777777777778,0.9491480994453555,,,,
quantum,gpc,6,zmap_r2__gpc__d6,zmap_r2,id_val,,,0.6033484935760498,0.896,0.8999935852203477,0.8958333333333334,0.9,0.948874206171018,0.935320909297217,0.2823298439351216,0.0833844358659252,0.06338444324735261,0.3868084575242495
quantum,gpc,6,zmap_r2__gpc__d6,zmap_r2,id_test,,,0.6033484935760498,0.884,0.8889280903200976,0.88358089120835,0.8905660377358491,0.954647507858105,0.9464498421322003,0.2885398355006373,0.08647465241176627,0.06756679773478683,0.3830026904844333
quantum,gpc,6,zmap_r2__gpc__d6,zmap_r2,ood_test,,,0.6033484935760498,0.896,0.8966653865847414,0.8953958061764753,0.9033457249070632,0.908202124935996,0.8008068695142405,0.3137006274380573,0.09080902643974621,0.09057057095549091,0.3834576023206706
quantum,svc,6,zz_r1_full__as2__svc__d6,zz_r1_full__as2,id_val,1.0,0.8788739031795283,0.009881019592285156,0.872,0.874013727628456,0.872,0.872,0.9329014048367438,0.8933518815196215,,,,
quantum,svc,6,zz_r1_full__as2__svc__d6,zz_r1_full__as2,id_test,1.0,0.8788739031795283,0.009881019592285156,0.864,0.8675348001796138,0.8638605932474854,0.8682170542635659,0.9303996407723395,0.8658432849893857,,,,
quantum,svc,6,zz_r1_full__as2__svc__d6,zz_r1_full__as2,ood_test,1.0,0.8788739031795283,0.009881019592285156,0.904,0.9043138760880697,0.9039015952335191,0.9069767441860465,0.961757552483359,0.953504435700633,,,,
quantum,gpc,6,zz_r1_full__as2__gpc__d6,zz_r1_full__as2,id_val,,,0.4988865852355957,0.876,0.878215408300725,0.8759980159682554,0.8764940239043825,0.9386105587273077,0.9220192726188525,0.36810564949800395,0.11025636649370668,0.12810783863145966,0.5068801807736202
quantum,gpc,6,zz_r1_full__as2__gpc__d6,zz_r1_full__as2,id_test,,,0.4988865852355957,0.856,0.859131438835076,0.8559170081967213,0.859375,0.9405991404195266,0.9181546048505795,0.3676288582606301,0.10964087909759286,0.11564594366193143,0.5033445056124088
quantum,gpc,6,zz_r1_full__as2__gpc__d6,zz_r1_full__as2,ood_test,,,0.4988865852355957,0.89,0.8903609831029186,0.8898409303033581,0.8940269749518305,0.9333077316948284,0.9033712117783137,0.38145732956356637,0.11235719980751549,0.1586823662821806,0.5350599189854921
quantum,svc,6,zz_r2_full__as2__svc__d6,zz_r2_full__as2,id_val,1.0,0.850400215963598,0.009999752044677734,0.856,0.8548976842645455,0.8554077501445922,0.8461538461538461,0.9343126563602541,0.9131394206867992,,,,
quantum,svc,6,zz_r2_full__as2__svc__d6,zz_r2_full__as2,id_test,1.0,0.850400215963598,0.009999752044677734,0.844,0.8449868497017128,0.843937575030012,0.8408163265306122,0.9144268394380651,0.9059277312822233,,,,
quantum,svc,6,zz_r2_full__as2__svc__d6,zz_r2_full__as2,ood_test,1.0,0.850400215963598,0.009999752044677734,0.832,0.831605222734255,0.8314714946070878,0.8220338983050848,0.9264432923707118,0.8940890597351658,,,,
quantum,gpc,6,zz_r2_full__as2__gpc__d6,zz_r2_full__as2,id_val,,,0.5460069179534912,0.856,0.8545127974854063,0.8552496139989707,0.8448275862068966,0.9379049329655527,0.9217015785164168,0.42685306794571115,0.13298235016098825,0.16596955213043152,0.5587686807801169
quantum,gpc,6,zz_r2_full__as2__gpc__d6,zz_r2_full__as2,id_test,,,0.5460069179534912,0.836,0.836583488357175,0.835871323117324,0.831275720164609,0.9255885560331003,0.9079069421705264,0.4265222810744432,0.1325511891679352,0.14270830423987352,0.5543569880682425
quantum,gpc,6,zz_r2_full__as2__gpc__d6,zz_r2_full__as2,ood_test,,,0.5460069179534912,0.804,0.8034434203789043,0.8028613270248958,0.7878787878787878,0.9106822836661548,0.8959873716382367,0.4726562854961564,0.15119967853938696,0.1843791248208255,0.5921005079766046
quantum,svc,6,pauli_xz_r1_full__as2__svc__d6,pauli_xz_r1_full__as2,id_val,100.0,0.884892853889013,0.025614261627197266,0.884,0.8850792225287061,0.883953581432573,0.8816326530612245,0.9418179485534672,0.8997096105686432,,,,
quantum,svc,6,pauli_xz_r1_full__as2__svc__d6,pauli_xz_r1_full__as2,id_test,100.0,0.884892853889013,0.025614261627197266,0.876,0.8793700686381423,0.8759027077228547,0.8793774319066148,0.9308486753480019,0.8732040351439037,,,,
quantum,svc,6,pauli_xz_r1_full__as2__svc__d6,pauli_xz_r1_full__as2,ood_test,100.0,0.884892853889013,0.025614261627197266,0.902,0.9021377368151562,0.901990199019902,0.902970297029703,0.9521409370199693,0.9395409918637985,,,,
quantum,gpc,6,pauli_xz_r1_full__as2__gpc__d6,pauli_xz_r1_full__as2,id_val,,,0.5963523387908936,0.888,0.8927448842132273,0.8876476630713919,0.8939393939393939,0.9581114888703574,0.9524337151746823,0.2992670963838844,0.09000196831122739,0.10451528491301641,0.4114240121445857
quantum,gpc,6,pauli_xz_r1_full__as2__gpc__d6,pauli_xz_r1_full__as2,id_test,,,0.5963523387908936,0.844,0.8496054910513824,0.843093709264713,0.8550185873605948,0.9450894861761499,0.9357610758360587,0.32846514226531837,0.10210701772062816,0.08596338654580502,0.4059952871863569
quantum,gpc,6,pauli_xz_r1_full__as2__gpc__d6,pauli_xz_r1_full__as2,ood_test,,,0.5963523387908936,0.898,0.8986175115207373,0.8974977389207115,0.9046728971962616,0.8844566052227343,0.7572137226077132,0.343371372660222,0.09952726459333093,0.12609831479030933,0.4146023189198477
quantum,svc,6,zmap_r2__as2__svc__d6,zmap_r2__as2,id_val,10.0,0.8864152897864488,0.01200103759765625,0.888,0.8900506767592533,0.888,0.888,0.9422669831291295,0.914805205036857,,,,
quantum,svc,6,zmap_r2__as2__svc__d6,zmap_r2__as2,id_test,10.0,0.8864152897864488,0.01200103759765625,0.884,0.8881583167618192,0.8837749883774988,0.8888888888888888,0.9318750400923728,0.8730567462652936,,,,
quantum,svc,6,zmap_r2__as2__svc__d6,zmap_r2__as2,ood_test,10.0,0.8864152897864488,0.01200103759765625,0.88,0.8803763440860215,0.8798076923076923,0.8846153846153846,0.9510368663594471,0.9375557115663236,,,,
quantum,gpc,6,zmap_r2__as2__gpc__d6,zmap_r2__as2,id_val,,,0.5949997901916504,0.868,0.8709667072936045,0.8679471788715487,0.8705882352941177,0.9524023349797934,0.9468484245249793,0.3203559292772983,0.09615587123996631,0.10434037260911094,0.4411115063192664
quantum,gpc,6,zmap_r2__as2__gpc__d6,zmap_r2__as2,id_test,,,0.5949997901916504,0.852,0.8564693052793637,0.8515987229468482,0.8593155893536122,0.947847841426647,0.9399128012905027,0.3340929873515369,0.10236168380411022,0.10089894902595332,0.4276168059295277
quantum,gpc,6,zmap_r2__as2__gpc__d6,zmap_r2__as2,ood_test,,,0.5949997901916504,0.872,0.8723118279569892,0.8718687936446922,0.875968992248062,0.8764880952380952,0.7473979060946633,0.3718713027464655,0.11102268178453932,0.13495686849044894,0.4308832542527682
classical_ext,svc,8,linear__svc__d8,linear,id_val,100.0,0.8506900842168209,0.020023345947265625,0.868,0.8694271601770479,0.8679809892624537,0.8663967611336032,0.9055102957213419,0.8449151379892444,,,,
classical_ext,svc,8,linear__svc__d8,linear,id_test,100.0,0.8506900842168209,0.020023345947265625,0.872,0.8747835011867342,0.871967223609244,0.8740157480314961,0.866636731028289,0.7624919474779576,,,,
classical_ext,svc,8,linear__svc__d8,linear,ood_test,100.0,0.8506900842168209,0.020023345947265625,0.732,0.731278801843318,0.729507137781797,0.7035398230088495,0.8581669226830517,0.7547529957594017,,,,
classical_ext,gpc,8,linear__gpc__d8,linear,id_val,,,0.5264501571655273,0.872,0.8755532747450125,0.8718687936446922,0.875968992248062,0.9545833600615818,0.9480797458591993,0.37617573949570854,0.11138359948062013,0.15317608093004623,0.5322660810585981
classical_ext,gpc,8,linear__gpc__d8,linear,id_test,,,0.5264501571655273,0.856,0.8595163256142151,0.8558523928502787,0.8604651162790697,0.9272563987427032,0.8839832435965428,0.4055762701885244,0.1235188706391385,0.14239308688869054,0.5263744507793592
classical_ext,gpc,8,linear__gpc__d8,linear,ood_test,,,0.5264501571655273,0.706,0.7057091653865848,0.705480467544749,0.6931106471816284,0.8010912698412699,0.6862818889876829,0.5382572193976496,0.18504666730289637,0.19251430257845278,0.4974381863162622
classical_ext,svc,8,rbf_gscale__svc__d8,rbf_gscale,id_val,1.0,0.896128238170764,0.007839202880859375,0.892,0.8969465648854962,0.8916097952629466,0.8981132075471698,0.9615754698826096,0.9526514252725968,,,,
classical_ext,svc,8,rbf_gscale__svc__d8,rbf_gscale,id_test,1.0,0.896128238170764,0.007839202880859375,0.872,0.8774777086407082,0.8713329902213072,0.8805970149253731,0.9602283661556226,0.9462520259984571,,,,
classical_ext,svc,8,rbf_gscale__svc__d8,rbf_gscale,ood_test,1.0,0.896128238170764,0.007839202880859375,0.904,0.9046979006656426,0.9033816425120773,0.9111111111111111,0.9575492831541218,0.9231274572960175,,,,
classical_ext,gpc,8,rbf_gscale__gpc__d8,rbf_gscale,id_val,,,0.6569080352783203,0.892,0.8969465648854962,0.8916097952629466,0.8981132075471698,0.9694015010584387,0.9632072438337376,0.25687549766521794,0.07425233338292968,0.08616668788710838,0.3753813620992021
classical_ext,gpc,8,rbf_gscale__gpc__d8,rbf_gscale,id_test,,,0.6569080352783203,0.872,0.8774777086407082,0.8713329902213072,0.8805970149253731,0.9595868881903906,0.9537895346032219,0.27905629173236,0.08410539844572683,0.07889374768553262,0.37419300391921134
classical_ext,gpc,8,rbf_gscale__gpc__d8,rbf_gscale,ood_test,,,0.6569080352783203,0.9,0.9006656426011265,0.8994190444004571,0.9070631970260223,0.876392089093702,0.7730003569578772,0.3426450702426684,0.10316824300081315,0.12035821937363617,0.38846478770009485
classical_ext,svc,8,poly2__svc__d8,poly2,id_val,10.0,0.8971699048374306,0.011005163192749023,0.892,0.8969465648854962,0.8916097952629466,0.8981132075471698,0.9513759702354224,0.9367050684295981,,,,
classical_ext,svc,8,poly2__svc__d8,poly2,id_test,10.0,0.8971699048374306,0.011005163192749023,0.872,0.8774777086407082,0.8713329902213072,0.8805970149253731,0.9412406183847585,0.9149962075092553,,,,
classical_ext,svc,8,poly2__svc__d8,poly2,ood_test,10.0,0.8971699048374306,0.011005163192749023,0.904,0.9046979006656426,0.9033816425120773,0.9111111111111111,0.9388600870455709,0.8868611902533059,,,,
classical_ext,gpc,8,poly2__gpc__d8,poly2,id_val,,,0.693601131439209,0.892,0.8950221309898005,0.8919567827130852,0.8941176470588236,0.961703765475656,0.9554993911906275,0.32971945978062167,0.09407339533014412,0.13723709682121094,0.4853794620289876
classical_ext,gpc,8,poly2__gpc__d8,poly2,id_test,,,0.693601131439209,0.872,0.8751683879658734,0.8719262295081966,0.875,0.9413689139778049,0.9307311881744391,0.3561300196584262,0.10541200216105442,0.12079788618696773,0.4821893252653369
classical_ext,gpc,8,poly2__gpc__d8,poly2,ood_test,,,0.693601131439209,0.714,0.7139016897081414,0.7139073059671334,0.7087576374745418,0.8316852278545827,0.7414232401005826,0.46647601544046274,0.1583872772632099,0.18864787762635904,0.472467661355225
classical_ext,svc,8,poly3__svc__d8,poly3,id_val,10.0,0.8971699048374306,0.007007598876953125,0.892,0.8969465648854962,0.8916097952629466,0.8981132075471698,0.9499647187119122,0.9316460318173831,,,,
classical_ext,svc,8,poly3__svc__d8,poly3,id_test,10.0,0.8971699048374306,0.007007598876953125,0.872,0.8774777086407082,0.8713329902213072,0.8805970149253731,0.9574700109051253,0.9294986430415955,,,,
classical_ext,svc,8,poly3__svc__d8,poly3,ood_test,10.0,0.8971699048374306,0.007007598876953125,0.904,0.9046979006656426,0.9033816425120773,0.9111111111111111,0.9549411162314388,0.9094959504575704,,,,
classical_ext,gpc,8,poly3__gpc__d8,poly3,id_val,,,0.6495327949523926,0.896,0.8988389248829303,0.8959733691825107,0.8976377952755905,0.9629867214061197,0.9571426990575591,0.3080251436828369,0.08711150621560759,0.12216016696542366,0.4582635933230072
classical_ext,gpc,8,poly3__gpc__d8,poly3,id_test,,,0.6495327949523926,0.872,0.8755532747450125,0.8718687936446922,0.875968992248062,0.9480402848162166,0.940789575940874,0.3353123347424497,0.09887572868068165,0.1016210402092768,0.4549482464812761
classical_ext,gpc,8,poly3__gpc__d8,poly3,ood_test,,,0.6495327949523926,0.738,0.7380952380952381,0.7379905676604358,0.7395626242544732,0.8391737071172556,0.7508130800245465,0.43854890798704793,0.1472957308970407,0.14445712343492706,0.45032969016695534
classical_ext,svc,8,laplacian_med__svc__d8,laplacian_med,id_val,100.0,0.9052718520386296,0.010385751724243164,0.876,0.875521200846751,0.8756637949014134,0.869198312236287,0.9561229071781384,0.9373063099231751,,,,
classical_ext,svc,8,laplacian_med__svc__d8,laplacian_med,id_test,100.0,0.9052718520386296,0.010385751724243164,0.876,0.8774456347424466,0.8759821414283657,0.8744939271255061,0.9440631214317787,0.9191257668444215,,,,
classical_ext,svc,8,laplacian_med__svc__d8,laplacian_med,ood_test,100.0,0.9052718520386296,0.010385751724243164,0.936,0.9359639016897081,0.935990782672705,0.9352226720647774,0.9800307219662059,0.9776606281511399,,,,
classical_ext,gpc,8,laplacian_med__gpc__d8,laplacian_med,id_val,,,0.7418596744537354,0.892,0.8969465648854962,0.8916097952629466,0.8981132075471698,0.964141381743537,0.9570867834795296,0.2675720216853753,0.07667437310052898,0.07171370435773407,0.39429772228363974
classical_ext,gpc,8,laplacian_med__gpc__d8,laplacian_med,id_test,,,0.7418596744537354,0.88,0.8851112964269677,0.8795064584538268,0.8872180451127819,0.9611264353069472,0.9553255520166785,0.2809040087445775,0.08315500866053013,0.07333697228124528,0.3878664653613143
classical_ext,gpc,8,laplacian_med__gpc__d8,laplacian_med,ood_test,,,0.7418596744537354,0.89,0.8906490015360984,0.8893943233144701,0.8975791433891993,0.9254672299027137,0.901644932780796,0.3074212434613154,0.091017540789397,0.08628881583588084,0.4061528475178263
classical_ext,svc,8,matern15_med__svc__d8,matern15_med,id_val,100.0,0.9083861132070143,0.009580612182617188,0.892,0.8927128103149657,0.891915261565067,0.8888888888888888,0.9540701776893964,0.916372511510545,,,,
classical_ext,svc,8,matern15_med__svc__d8,matern15_med,id_test,100.0,0.9083861132070143,0.009580612182617188,0.9,0.9041952658926167,0.899806024463361,0.9042145593869731,0.9377766373725063,0.8835359388984874,,,,
classical_ext,svc,8,matern15_med__svc__d8,matern15_med,ood_test,100.0,0.9083861132070143,0.009580612182617188,0.932,0.9320596518177164,0.932,0.932,0.9698860727086535,0.9590204919107088,,,,
classical_ext,gpc,8,matern15_med__gpc__d8,matern15_med,id_val,,,0.595250129699707,0.892,0.8969465648854962,0.8916097952629466,0.8981132075471698,0.9667714414009878,0.9599677014662698,0.26505140734919697,0.07592825633895374,0.08600102873640447,0.39225582737649234
classical_ext,gpc,8,matern15_med__gpc__d8,matern15_med,id_test,,,0.595250129699707,0.872,0.8774777086407082,0.8713329902213072,0.8805970149253731,0.9584322278529732,0.9523309180096059,0.2859379826598193,0.08545566615393069,0.07919222141566223,0.3897355208427213
classical_ext,gpc,8,matern15_med__gpc__d8,matern15_med,ood_test,,,0.595250129699707,0.89,0.8906169994879672,0.8894583458948849,0.897196261682243,0.8790162570404506,0.7760840894273293,0.35131850634112577,0.10670306732586042,0.12388948766783665,0.407752950563623
classical_ext,svc,8,matern25_med__svc__d8,matern25_med,id_val,100.0,0.8975488997790319,0.011005878448486328,0.896,0.8980691513246519,0.896,0.896,0.9638847905574444,0.9513410094892042,,,,
classical_ext,svc,8,matern25_med__svc__d8,matern25_med,id_test,100.0,0.8975488997790319,0.011005878448486328,0.892,0.896561678106357,0.8917071762044568,0.8973384030418251,0.9420103919430367,0.8919256582645111,,,,
classical_ext,svc,8,matern25_med__svc__d8,matern25_med,ood_test,100.0,0.8975488997790319,0.011005878448486328,0.928,0.9281874039938556,0.9279815632801998,0.9291338582677166,0.9720142089093702,0.9633865665981374,,,,
classical_ext,gpc,8,matern25_med__gpc__d8,matern25_med,id_val,,,0.9188294410705566,0.892,0.8969465648854962,0.8916097952629466,0.8981132075471698,0.96580922445314,0.958998309509506,0.26948224164238876,0.07699164445994738,0.0841411827912447,0.3991808360243473
classical_ext,gpc,8,matern25_med__gpc__d8,matern25_med,id_test,,,0.9188294410705566,0.872,0.8774777086407082,0.8713329902213072,0.8805970149253731,0.9589454102251588,0.9530616888055913,0.2913564525448461,0.08681617591972965,0.08641729892506783,0.3977533588919387
classical_ext,gpc,8,matern25_med__gpc__d8,matern25_med,ood_test,,,0.9188294410705566,0.882,0.882552483358935,0.8815446576640606,0.8888888888888888,0.8726798515104968,0.7682712986752839,0.36166857068915076,0.11132545869504269,0.12758386187033224,0.41108144378346334
classical_ext,svc,8,rbf_gscale_x0.1__svc__d8,rbf_gscale_x0.1,id_val,10.0,0.8971699048374306,0.009110689163208008,0.892,0.8969465648854962,0.8916097952629466,0.8981132075471698,0.9528513695554558,0.9385274595650795,,,,
classical_ext,svc,8,rbf_gscale_x0.1__svc__d8,rbf_gscale_x0.1,id_test,10.0,0.8971699048374306,0.009110689163208008,0.872,0.8774777086407082,0.8713329902213072,0.8805970149253731,0.9344409519533003,0.9027882954211076,,,,
classical_ext,svc,8,rbf_gscale_x0.1__svc__d8,rbf_gscale_x0.1,ood_test,10.0,0.8971699048374306,0.009110689163208008,0.904,0.9046979006656426,0.9033816425120773,0.9111111111111111,0.9385240655401945,0.8777460167575495,,,,
classical_ext,gpc,8,rbf_gscale_x0.1__gpc__d8,rbf_gscale_x0.1,id_val,,,0.6135873794555664,0.884,0.8862338828661236,0.8839981439703035,0.8844621513944223,0.9548399512476746,0.94705069655392,0.3586559349140473,0.10390790494813562,0.14277945815152843,0.5130209816605988
classical_ext,gpc,8,rbf_gscale_x0.1__gpc__d8,rbf_gscale_x0.1,id_test,,,0.6135873794555664,0.872,0.8751683879658734,0.8719262295081966,0.875,0.9445763038039643,0.9343933398080162,0.37653095508787815,0.111818832873541,0.1281419750447999,0.5127478019943948
classical_ext,gpc,8,rbf_gscale_x0.1__gpc__d8,rbf_gscale_x0.1,ood_test,,,0.6135873794555664,0.678,0.6776113671274961,0.6770583020086572,0.6596194503171248,0.8297491039426523,0.7293097749704981,0.47714335395455176,0.16009313977393191,0.2062160040349609,0.5116718227363493
classical_ext,svc,8,rbf_gscale_x0.3__svc__d8,rbf_gscale_x0.3,id_val,10.0,0.8971699048374306,0.009210348129272461,0.892,0.8969465648854962,0.8916097952629466,0.8981132075471698,0.9650394508948618,0.9580217903635357,,,,
classical_ext,svc,8,rbf_gscale_x0.3__svc__d8,rbf_gscale_x0.3,id_test,10.0,0.8971699048374306,0.009210348129272461,0.872,0.8774777086407082,0.8713329902213072,0.8805970149253731,0.9657450766566168,0.9582611732786055,,,,
classical_ext,svc,8,rbf_gscale_x0.3__svc__d8,rbf_gscale_x0.3,ood_test,10.0,0.8971699048374306,0.009210348129272461,0.904,0.9046979006656426,0.9033816425120773,0.9111111111111111,0.962205581157194,0.9442294414307376,,,,
classical_ext,gpc,8,rbf_gscale_x0.3__gpc__d8,rbf_gscale_x0.3,id_val,,,0.6245546340942383,0.892,0.8954070177689397,0.891915261565067,0.8949416342412452,0.9607415485278081,0.9543562898244634,0.3020875556549736,0.08626653803193929,0.10831850612898261,0.4398466748499722
classical_ext,gpc,8,rbf_gscale_x0.3__gpc__d8,rbf_gscale_x0.3,id_test,,,0.6245546340942383,0.872,0.8759381615241517,0.8717948717948718,0.8769230769230769,0.9551606902302905,0.9493150588630714,0.32471406575978673,0.09617564571344601,0.11054644930969586,0.4391721090401298
classical_ext,gpc,8,rbf_gscale_x0.3__gpc__d8,rbf_gscale_x0.3,ood_test,,,0.6245546340942383,0.8,0.8000512032770097,0.8,0.8,0.847718253968254,0.7479836090555982,0.412672918218112,0.1353266656381151,0.13716532995712308,0.4436701288632706
classical_ext,svc,8,rbf_gscale_x3__svc__d8,rbf_gscale_x3,id_val,100.0,0.9034382386455502,0.018257856369018555,0.896,0.8965296042080955,0.8958933948363124,0.8925619834710744,0.9520174482006543,0.9164024263901711,,,,
classical_ext,svc,8,rbf_gscale_x3__svc__d8,rbf_gscale_x3,id_test,100.0,0.9034382386455502,0.018257856369018555,0.892,0.8961767913272178,0.8917905064204299,0.896551724137931,0.9281544678940279,0.8535333903623844,,,,
classical_ext,svc,8,rbf_gscale_x3__svc__d8,rbf_gscale_x3,ood_test,100.0,0.9034382386455502,0.018257856369018555,0.94,0.9401561699948797,0.9399913587556608,0.9407114624505929,0.9632296466973886,0.9514490542001313,,,,
classical_ext,gpc,8,rbf_gscale_x3__gpc__d8,rbf_gscale_x3,id_val,,,0.7146294116973877,0.892,0.8969465648854962,0.8916097952629466,0.8981132075471698,0.9669638847905575,0.9593790563790282,0.2507586868538739,0.0731588606842141,0.0708459268493238,0.3605160350568697
classical_ext,gpc,8,rbf_gscale_x3__gpc__d8,rbf_gscale_x3,id_test,,,0.7146294116973877,0.872,0.8774777086407082,0.8713329902213072,0.8805970149253731,0.9599717749695298,0.9530738450527824,0.26945122712238184,0.08199268166808205,0.07673678589469453,0.3551171020416232
classical_ext,gpc,8,rbf_gscale_x3__gpc__d8,rbf_gscale_x3,ood_test,,,0.7146294116973877,0.896,0.8966653865847414,0.8953958061764753,0.9033457249070632,0.9031618023553508,0.8192499901644532,0.3148526028696888,0.0918848517454041,0.09035309801928663,0.37664257180487815
classical_ext,svc,8,rbf_gscale_x10__svc__d8,rbf_gscale_x10,id_val,10.0,0.9014256981924756,0.009512901306152344,0.896,0.8969144909872346,0.8959400614754098,0.8934426229508197,0.9469497722753223,0.8890806573654397,,,,
classical_ext,svc,8,rbf_gscale_x10__svc__d8,rbf_gscale_x10,id_test,10.0,0.9014256981924756,0.009512901306152344,0.896,0.8999935852203477,0.8958333333333334,0.9,0.9286035024696901,0.8614277012169913,,,,
classical_ext,svc,8,rbf_gscale_x10__svc__d8,rbf_gscale_x10,ood_test,10.0,0.9014256981924756,0.009512901306152344,0.932,0.9320916538658475,0.9319989119825918,0.9322709163346613,0.961725550435228,0.9335787159970931,,,,
classical_ext,gpc,8,rbf_gscale_x10__gpc__d8,rbf_gscale_x10,id_val,,,0.748126745223999,0.9,0.9045801526717557,0.8997288668559785,0.9049429657794676,0.9620245044582718,0.9522691675139164,0.27590913567727965,0.08009554935499014,0.08888622075169475,0.394123655077508
classical_ext,gpc,8,rbf_gscale_x10__gpc__d8,rbf_gscale_x10,id_test,,,0.748126745223999,0.876,0.8812945025338379,0.8754239603928566,0.8838951310861424,0.9561870549746616,0.9492124486475246,0.28949810203310866,0.0874050942970871,0.08624127243081406,0.38307823962748283
classical_ext,gpc,8,rbf_gscale_x10__gpc__d8,rbf_gscale_x10,ood_test,,,0.748126745223999,0.904,0.9046018945212494,0.9035540338525341,0.9101123595505618,0.9289554531490016,0.9025771401258346,0.30693140905456934,0.08836374992823122,0.10569599746973221,0.41549381531897855
classical_ext,svc,8,laplacian_med_x0.1__svc__d8,laplacian_med_x0.1,id_val,100.0,0.905304068533475,0.018000125885009766,0.884,0.884694335749567,0.8839089846439608,0.8806584362139918,0.951568413624992,0.9387148800320225,,,,
classical_ext,svc,8,laplacian_med_x0.1__svc__d8,laplacian_med_x0.1,id_test,100.0,0.905304068533475,0.018000125885009766,0.876,0.878215408300725,0.8759980159682554,0.8764940239043825,0.9501571621014818,0.9284495696636272,,,,
classical_ext,svc,8,laplacian_med_x0.1__svc__d8,laplacian_med_x0.1,ood_test,100.0,0.905304068533475,0.018000125885009766,0.93,0.9299155145929339,0.9299773126492983,0.9287169042769857,0.9816308243727598,0.9778517268157232,,,,
classical_ext,gpc,8,laplacian_med_x0.1__gpc__d8,laplacian_med_x0.1,id_val,,,0.6957519054412842,0.9,0.9041952658926167,0.899806024463361,0.9042145593869731,0.9574700109051254,0.9475236337629943,0.34805651849934033,0.10268312730286648,0.13515072480888657,0.4924881573035411
classical_ext,gpc,8,laplacian_med_x0.1__gpc__d8,laplacian_med_x0.1,id_test,,,0.6957519054412842,0.876,0.8812945025338379,0.8754239603928566,0.8838951310861424,0.9592661492077748,0.951390977571887,0.3428013305892772,0.10114621883173718,0.1397719913473915,0.4807493080144717
classical_ext,gpc,8,laplacian_med_x0.1__gpc__d8,laplacian_med_x0.1,ood_test,,,0.6957519054412842,0.904,0.9046338965693804,0.9034997426659804,0.9104477611940298,0.9430363543266769,0.9319313876477882,0.35688656855116074,0.10314797840804815,0.17095945057710568,0.5207298550260291
classical_ext,svc,8,laplacian_med_x0.3__svc__d8,laplacian_med_x0.3,id_val,10.0,0.9079375604710908,0.01100015640258789,0.88,0.8804926550772981,0.8798769940418989,0.8760330578512396,0.959009558021682,0.9526928353018211,,,,
classical_ext,svc,8,laplacian_med_x0.3__svc__d8,laplacian_med_x0.3,id_test,10.0,0.9079375604710908,0.01100015640258789,0.892,0.8942523574315222,0.8919982719723516,0.8924302788844621,0.937712489575983,0.9010549603201881,,,,
classical_ext,svc,8,laplacian_med_x0.3__svc__d8,laplacian_med_x0.3,ood_test,10.0,0.9079375604710908,0.01100015640258789,0.936,0.9359959037378391,0.9359959037378391,0.9354838709677419,0.9852950588837686,0.9830706259212423,,,,
classical_ext,gpc,8,laplacian_med_x0.3__gpc__d8,laplacian_med_x0.3,id_val,,,0.8178257942199707,0.896,0.9007633587786259,0.8956728299948639,0.9015151515151515,0.9608056963243312,0.9523201956925107,0.27412436652814076,0.07929771943596359,0.07863517923591512,0.3968770701861403
classical_ext,gpc,8,laplacian_med_x0.3__gpc__d8,laplacian_med_x0.3,id_test,,,0.8178257942199707,0.88,0.8851112964269677,0.8795064584538268,0.8872180451127819,0.9602925139521458,0.9536656471431393,0.28154545473484327,0.08354869747427036,0.0718778369674677,0.38582856666873905
classical_ext,gpc,8,laplacian_med_x0.3__gpc__d8,laplacian_med_x0.3,ood_test,,,0.8178257942199707,0.898,0.8986495135688684,0.8974383725279631,0.9050279329608939,0.9470206093189963,0.929467398238996,0.28832797727541803,0.08217455908104467,0.0928022594220811,0.4183543329741303
classical_ext,svc,8,laplacian_med_x3__svc__d8,laplacian_med_x3,id_val,100.0,0.9011145206968323,0.011551380157470703,0.872,0.8724741805118994,0.8718687936446922,0.8677685950413223,0.9507986400667137,0.9246816961568886,,,,
classical_ext,svc,8,laplacian_med_x3__svc__d8,laplacian_med_x3,id_test,100.0,0.9011145206968323,0.011551380157470703,0.884,0.8858489960869844,0.8839981439703035,0.8835341365461847,0.9357880556802873,0.8876085433205284,,,,
classical_ext,svc,8,laplacian_med_x3__svc__d8,laplacian_med_x3,ood_test,100.0,0.9011145206968323,0.011551380157470703,0.942,0.9420442908346134,0.941999767999072,0.9418837675350702,0.9752464157706093,0.9712116115994593,,,,
classical_ext,gpc,8,laplacian_med_x3__gpc__d8,laplacian_med_x3,id_val,,,0.6900784969329834,0.892,0.8969465648854962,0.8916097952629466,0.8981132075471698,0.9607415485278081,0.9540396247691412,0.2958241150915967,0.08254048498005255,0.10625824588105315,0.45071653388667
classical_ext,gpc,8,laplacian_med_x3__gpc__d8,laplacian_med_x3,id_test,,,0.6900784969329834,0.876,0.8812945025338379,0.8754239603928566,0.8838951310861424,0.9576624542946949,0.9530807847602737,0.31010917826676543,0.089314322337178,0.1067156256624134,0.449131799493789
classical_ext,gpc,8,laplacian_med_x3__gpc__d8,laplacian_med_x3,ood_test,,,0.6900784969329834,0.888,0.8886328725038403,0.8874163664436439,0.8955223880597015,0.9045698924731183,0.8776781673992076,0.3597854850162455,0.10996493273802636,0.1542419148876054,0.4511421634705533
classical_ext,svc,8,laplacian_med_x10__svc__d8,laplacian_med_x10,id_val,100.0,0.9042703336849318,0.007643461227416992,0.872,0.8728590672910386,0.8719262295081966,0.8688524590163934,0.9538135865033036,0.9369126097298918,,,,
classical_ext,svc,8,laplacian_med_x10__svc__d8,laplacian_med_x10,id_test,100.0,0.9042703336849318,0.007643461227416992,0.892,0.8950221309898005,0.8919567827130852,0.8941176470588236,0.9364936814420425,0.8904200981744667,,,,
classical_ext,svc,8,laplacian_med_x10__svc__d8,laplacian_med_x10,ood_test,100.0,0.9042703336849318,0.007643461227416992,0.936,0.9361559139784946,0.935990782672705,0.9367588932806324,0.9723022273425498,0.9682059897552442,,,,
classical_ext,gpc,8,laplacian_med_x10__gpc__d8,laplacian_med_x10,id_val,,,0.6455802917480469,0.892,0.896561678106357,0.8917071762044568,0.8973384030418251,0.9572134197190327,0.9473102378692958,0.3616559482065161,0.10174919252309167,0.160241454354917,0.5449539448458961
classical_ext,gpc,8,laplacian_med_x10__gpc__d8,laplacian_med_x10,id_test,,,0.6455802917480469,0.868,0.8728911411893001,0.8675230830991569,0.8754716981132076,0.9547758034511514,0.9489032356946786,0.3733068907269844,0.10730772859156476,0.1504057307091283,0.5457641029532577
classical_ext,gpc,8,laplacian_med_x10__gpc__d8,laplacian_med_x10,ood_test,,,0.6455802917480469,0.81,0.810483870967742,0.8094443396945492,0.8197343453510436,0.8787282386072709,0.8078823245135158,0.43787719494579763,0.1378478128681665,0.14520249579805541,0.5385058575197501
classical_ext,svc,8,matern15_med_x0.1__svc__d8,matern15_med_x0.1,id_val,1.0,0.8940662140798514,0.01276850700378418,0.872,0.8743986144075951,0.8719918074756785,0.873015873015873,0.9417538007569439,0.9030991881597872,,,,
classical_ext,svc,8,matern15_med_x0.1__svc__d8,matern15_med_x0.1,id_test,1.0,0.8940662140798514,0.01276850700378418,0.888,0.8915902238758099,0.8878851944391057,0.8914728682170543,0.9534286997241646,0.9242451507445405,,,,
classical_ext,svc,8,matern15_med_x0.1__svc__d8,matern15_med_x0.1,ood_test,1.0,0.8940662140798514,0.01276850700378418,0.914,0.914042498719918,0.913999655998624,0.9138276553106213,0.965581797235023,0.9486043700134681,,,,
classical_ext,gpc,8,matern15_med_x0.1__gpc__d8,matern15_med_x0.1,id_val,,,0.9470441341400146,0.896,0.8996086984412086,0.8958933948363124,0.8992248062015504,0.9540060298928732,0.9406833161738629,0.3502858780097087,0.10403378889048609,0.11569756169144722,0.48398824638899923
classical_ext,gpc,8,matern15_med_x0.1__gpc__d8,matern15_med_x0.1,id_test,,,0.9470441341400146,0.88,0.8851112964269677,0.8795064584538268,0.8872180451127819,0.9544550644685355,0.9445576696181879,0.3448020298041018,0.10270266958302139,0.11951250083338838,0.47223250810139744
classical_ext,gpc,8,matern15_med_x0.1__gpc__d8,matern15_med_x0.1,ood_test,,,0.9470441341400146,0.902,0.9025537634408602,0.901621834331169,0.9077212806026366,0.9366039426523297,0.9205457784088376,0.362486318267541,0.10585368547235792,0.17673592752683642,0.5162678544310233
classical_ext,svc,8,matern15_med_x0.3__svc__d8,matern15_med_x0.3,id_val,100.0,0.9063534985974556,0.013860940933227539,0.876,0.875521200846751,0.8756637949014134,0.869198312236287,0.9265507729809481,0.9084951554030435,,,,
classical_ext,svc,8,matern15_med_x0.3__svc__d8,matern15_med_x0.3,id_test,100.0,0.9063534985974556,0.013860940933227539,0.892,0.893867470652383,0.8919982719723516,0.891566265060241,0.9404708448264802,0.9047886083315708,,,,
classical_ext,svc,8,matern15_med_x0.3__svc__d8,matern15_med_x0.3,ood_test,100.0,0.9063534985974556,0.013860940933227539,0.928,0.9279953917050692,0.9279953917050692,0.9274193548387096,0.9722222222222223,0.9707272734511359,,,,
classical_ext,gpc,8,matern15_med_x0.3__gpc__d8,matern15_med_x0.3,id_val,,,1.009913682937622,0.892,0.8969465648854962,0.8916097952629466,0.8981132075471698,0.9623452434408879,0.9533058885427306,0.26358836393080914,0.0765027535911066,0.08296158037829293,0.37813218117364655
classical_ext,gpc,8,matern15_med_x0.3__gpc__d8,matern15_med_x0.3,id_test,,,1.009913682937622,0.872,0.8774777086407082,0.8713329902213072,0.8805970149253731,0.9567643851433703,0.9496199090519326,0.2786143960829082,0.08427828542517306,0.08543031300059763,0.36890922397574777
classical_ext,gpc,8,matern15_med_x0.3__gpc__d8,matern15_med_x0.3,ood_test,,,1.009913682937622,0.9,0.9006336405529953,0.8994788986103963,0.9067164179104478,0.9237871223758319,0.8910566314979544,0.3047570445436636,0.08838808547270752,0.08315037356269281,0.40309365608684605
classical_ext,svc,8,matern15_med_x3__svc__d8,matern15_med_x3,id_val,10.0,0.896128238170764,0.009422063827514648,0.892,0.8969465648854962,0.8916097952629466,0.8981132075471698,0.9505420488806209,0.9291701039075227,,,,
classical_ext,svc,8,matern15_med_x3__svc__d8,matern15_med_x3,id_test,10.0,0.896128238170764,0.009422063827514648,0.872,0.8774777086407082,0.8713329902213072,0.8805970149253731,0.953621143113734,0.933680484647661,,,,
classical_ext,svc,8,matern15_med_x3__svc__d8,matern15_med_x3,ood_test,10.0,0.896128238170764,0.009422063827514648,0.904,0.9046979006656426,0.9033816425120773,0.9111111111111111,0.9667018689196109,0.959032890323095,,,,
classical_ext,gpc,8,matern15_med_x3__gpc__d8,matern15_med_x3,id_val,,,0.727360725402832,0.892,0.8946372442106614,0.8919844457601894,0.8932806324110671,0.960035922766053,0.9537129503952615,0.34573808171917936,0.09844473080336633,0.1594337574304449,0.5096775291663673
classical_ext,gpc,8,matern15_med_x3__gpc__d8,matern15_med_x3,id_test,,,0.727360725402832,0.868,0.8713515940727437,0.8678964308017485,0.8715953307392996,0.9545192122650586,0.9491956876136487,0.3630508298942987,0.10624573924801022,0.1392254562014085,0.5093016286852577
classical_ext,gpc,8,matern15_med_x3__gpc__d8,matern15_med_x3,ood_test,,,0.727360725402832,0.688,0.6877240143369175,0.6875,0.675,0.8303571428571428,0.7294406229814516,0.4586950310374199,0.15095175808660222,0.2035666173828849,0.5109410207490035
classical_ext,svc,8,matern15_med_x10__svc__d8,matern15_med_x10,id_val,100.0,0.8971699048374306,0.01114344596862793,0.892,0.8969465648854962,0.8916097952629466,0.8981132075471698,0.9454102251587658,0.9227032244327181,,,,
classical_ext,svc,8,matern15_med_x10__svc__d8,matern15_med_x10,id_test,100.0,0.8971699048374306,0.01114344596862793,0.872,0.8774777086407082,0.8713329902213072,0.8805970149253731,0.9393161844890627,0.8945271372919394,,,,
classical_ext,svc,8,matern15_med_x10__svc__d8,matern15_med_x10,ood_test,100.0,0.8971699048374306,0.01114344596862793,0.904,0.9046979006656426,0.9033816425120773,0.9111111111111111,0.9524449564772146,0.9351249952368005,,,,
classical_ext,gpc,8,matern15_med_x10__gpc__d8,matern15_med_x10,id_val,,,0.43797898292541504,0.884,0.8862338828661236,0.8839981439703035,0.8844621513944223,0.9437423824491629,0.9444128586044548,0.5215445086636882,0.16709026164718596,0.2830613962728053,0.6572083642050854
classical_ext,gpc,8,matern15_med_x10__gpc__d8,matern15_med_x10,id_test,,,0.43797898292541504,0.872,0.8755532747450125,0.8718687936446922,0.875968992248062,0.9384822631342613,0.9382770670688447,0.5273063053760063,0.16995737516061143,0.2590703818770469,0.6568112369439373
classical_ext,gpc,8,matern15_med_x10__gpc__d8,matern15_med_x10,ood_test,,,0.43797898292541504,0.67,0.6695788530465949,0.668886132951248,0.6496815286624203,0.8135880696364568,0.7103809078182287,0.5839084880906725,0.19722759541229568,0.2771524790785153,0.6584715962372052
classical_ext,svc,8,matern25_med_x0.1__svc__d8,matern25_med_x0.1,id_val,1.0,0.892273984085677,0.012849092483520508,0.868,0.8701969337353261,0.8679978879662075,0.8685258964143426,0.9389312977099238,0.8882152913918943,,,,
classical_ext,svc,8,matern25_med_x0.1__svc__d8,matern25_med_x0.1,id_test,1.0,0.892273984085677,0.012849092483520508,0.888,0.8912053370966708,0.8879354508196722,0.890625,0.9475912502405542,0.9102013475932985,,,,
classical_ext,svc,8,matern25_med_x0.1__svc__d8,matern25_med_x0.1,ood_test,1.0,0.892273984085677,0.012849092483520508,0.908,0.908026113671275,0.9079985279764475,0.9076305220883534,0.9623175883256528,0.940493304676895,,,,
classical_ext,gpc,8,matern25_med_x0.1__gpc__d8,matern25_med_x0.1,id_val,,,1.1079938411712646,0.896,0.8996086984412086,0.8958933948363124,0.8992248062015504,0.9540060298928732,0.9409217673771438,0.3507321617191596,0.10438865385479999,0.12167551117222777,0.48205911462261114
classical_ext,gpc,8,matern25_med_x0.1__gpc__d8,matern25_med_x0.1,id_test,,,1.1079938411712646,0.888,0.8927448842132273,0.8876476630713919,0.8939393939393939,0.9545192122650586,0.9453409154813186,0.34463537153084867,0.10289035456851707,0.1139898066977283,0.4698276688657505
classical_ext,gpc,8,matern25_med_x0.1__gpc__d8,matern25_med_x0.1,ood_test,,,1.1079938411712646,0.902,0.9025217613927292,0.9016692152400676,0.9073724007561437,0.9373719918074757,0.9207628090694886,0.36174070497518235,0.10561721246011016,0.1764680766078121,0.515279977626509
classical_ext,svc,8,matern25_med_x0.3__svc__d8,matern25_med_x0.3,id_val,10.0,0.9102383972498325,0.010027408599853516,0.892,0.8930976970941048,0.8919567827130852,0.889795918367347,0.9491307973571108,0.8987801668861694,,,,
classical_ext,svc,8,matern25_med_x0.3__svc__d8,matern25_med_x0.3,id_test,10.0,0.9102383972498325,0.010027408599853516,0.896,0.8999935852203477,0.8958333333333334,0.9,0.9320033356854193,0.867409006104816,,,,
classical_ext,svc,8,matern25_med_x0.3__svc__d8,matern25_med_x0.3,ood_test,10.0,0.9102383972498325,0.010027408599853516,0.93,0.9300755248335894,0.9299997199988801,0.9301397205588823,0.9659658218125959,0.9452938981714839,,,,
classical_ext,gpc,8,matern25_med_x0.3__gpc__d8,matern25_med_x0.3,id_val,,,0.9470257759094238,0.892,0.8969465648854962,0.8916097952629466,0.8981132075471698,0.9642055295400602,0.9558549939710574,0.2609812715808037,0.07584476209834311,0.07816939229913884,0.37412903399796993
classical_ext,gpc,8,matern25_med_x0.3__gpc__d8,matern25_med_x0.3,id_test,,,0.9470257759094238,0.872,0.8774777086407082,0.8713329902213072,0.8805970149253731,0.9574058631086022,0.9507713752485518,0.27722760550482484,0.08411195993316897,0.08297748396484027,0.3650867350972017
classical_ext,gpc,8,matern25_med_x0.3__gpc__d8,matern25_med_x0.3,ood_test,,,0.9470257759094238,0.902,0.9026497695852534,0.9014603971347097,0.9087523277467412,0.9176107270865335,0.8681326953645347,0.305348005536458,0.08855228730459648,0.07408787350982939,0.39675136194747335
classical_ext,svc,8,matern25_med_x3__svc__d8,matern25_med_x3,id_val,10.0,0.8971699048374306,0.007509946823120117,0.892,0.8969465648854962,0.8916097952629466,0.8981132075471698,0.9497722753223427,0.934589362917746,,,,
classical_ext,svc,8,matern25_med_x3__svc__d8,matern25_med_x3,id_test,10.0,0.8971699048374306,0.007509946823120117,0.872,0.8774777086407082,0.8713329902213072,0.8805970149253731,0.936365385848996,0.9008633854258608,,,,
classical_ext,svc,8,matern25_med_x3__svc__d8,matern25_med_x3,ood_test,10.0,0.8971699048374306,0.007509946823120117,0.904,0.9046979006656426,0.9033816425120773,0.9111111111111111,0.9451484895033283,0.9059821815551256,,,,
classical_ext,gpc,8,matern25_med_x3__gpc__d8,matern25_med_x3,id_val,,,0.7367379665374756,0.884,0.8862338828661236,0.8839981439703035,0.8844621513944223,0.9590095580216819,0.952775048382339,0.3712020397298327,0.10757233105648863,0.14268453747716703,0.5342014576460071
classical_ext,gpc,8,matern25_med_x3__gpc__d8,matern25_med_x3,id_test,,,0.7367379665374756,0.872,0.8751683879658734,0.8719262295081966,0.875,0.9500930143049586,0.9433865020426724,0.3873965064166167,0.11488026611424482,0.1560287768858308,0.5339390135803493
classical_ext,gpc,8,matern25_med_x3__gpc__d8,matern25_med_x3,ood_test,,,0.7367379665374756,0.674,0.6736111111111112,0.6730466038969636,0.6553911205073996,0.8286930363543267,0.7263886763185881,0.4840689257301358,0.1610087531961892,0.20510975120406985,0.5333395554341026
classical_ext,svc,8,matern25_med_x10__svc__d8,matern25_med_x10,id_val,100.0,0.8528894835480137,0.013471126556396484,0.888,0.8904355635383925,0.8879928315412187,0.8888888888888888,0.91532490858939,0.8469565729908971,,,,
classical_ext,svc,8,matern25_med_x10__svc__d8,matern25_med_x10,id_test,100.0,0.8528894835480137,0.013471126556396484,0.868,0.8713515940727437,0.8678964308017485,0.8715953307392996,0.9083327987683623,0.8510789496104265,,,,
classical_ext,svc,8,matern25_med_x10__svc__d8,matern25_med_x10,ood_test,100.0,0.8528894835480137,0.013471126556396484,0.76,0.7602406554019456,0.7598616803278688,0.765625,0.8655913978494624,0.8056912238785904,,,,
classical_ext,gpc,8,matern25_med_x10__gpc__d8,matern25_med_x10,id_val,,,0.5486111640930176,0.748,0.7564628904997113,0.7429620563035495,0.7789473684210526,0.9441914170248253,0.9450614820580303,0.5629387748525997,0.18618925579057724,0.30237947956013134,0.6729739106078573
classical_ext,gpc,8,matern25_med_x10__gpc__d8,matern25_med_x10,id_test,,,0.5486111640930176,0.736,0.7457822823786002,0.7283324552160169,0.773972602739726,0.9366219770350888,0.9360511600853718,0.5668164736908122,0.18813707068953459,0.2911370387859863,0.6726220990840852
classical_ext,gpc,8,matern25_med_x10__gpc__d8,matern25_med_x10,ood_test,,,0.5486111640930176,0.67,0.6695788530465949,0.668886132951248,0.6496815286624203,0.8086917562724014,0.7055098661680737,0.6122785227414145,0.21028743886154597,0.22435529440784774,0.6741458142756314
quantum,svc,8,zz_r1_full__as0.5__svc__d8,zz_r1_full__as0.5,id_val,1.0,0.8943360081765898,0.010677337646484375,0.868,0.8701969337353261,0.8679978879662075,0.8685258964143426,0.935980499069857,0.8786241286685121,,,,
quantum,svc,8,zz_r1_full__as0.5__svc__d8,zz_r1_full__as0.5,id_test,1.0,0.8943360081765898,0.010677337646484375,0.884,0.887388543203541,0.8839089846439608,0.8871595330739299,0.938033228558599,0.8806072854059823,,,,
quantum,svc,8,zz_r1_full__as0.5__svc__d8,zz_r1_full__as0.5,ood_test,1.0,0.8943360081765898,0.010677337646484375,0.912,0.9122183819764464,0.9119647859143658,0.9137254901960784,0.9670698924731183,0.9578596827109708,,,,
quantum,gpc,8,zz_r1_full__as0.5__gpc__d8,zz_r1_full__as0.5,id_val,,,0.8300364017486572,0.888,0.8908204503175317,0.8879713206580885,0.889763779527559,0.9550323946372442,0.9419531335942455,0.3219261033970894,0.09343162758013142,0.10768718213180978,0.4588811354851948
quantum,gpc,8,zz_r1_full__as0.5__gpc__d8,zz_r1_full__as0.5,id_test,,,0.8300364017486572,0.888,0.8919751106549489,0.8878205128205128,0.8923076923076924,0.953621143113734,0.9448476387878373,0.3229363419236729,0.09481209912808948,0.09858554829595323,0.450553337533858
quantum,gpc,8,zz_r1_full__as0.5__gpc__d8,zz_r1_full__as0.5,ood_test,,,0.8300364017486572,0.872,0.8723758320532513,0.8717948717948718,0.8769230769230769,0.9303315412186379,0.9165255577538287,0.3551372927091764,0.10506548635108218,0.16384070728174424,0.4967393022344691
quantum,svc,8,zz_r2_full__as0.5__svc__d8,zz_r2_full__as0.5,id_val,1.0,0.8787428878298161,0.009005546569824219,0.864,0.8644557059465008,0.8638605932474854,0.859504132231405,0.9327089614471742,0.9119892344745337,,,,
quantum,svc,8,zz_r2_full__as0.5__svc__d8,zz_r2_full__as0.5,id_test,1.0,0.8787428878298161,0.009005546569824219,0.88,0.8816473154147155,0.8799923195084485,0.8790322580645161,0.9497081275258195,0.9153843495148136,,,,
quantum,svc,8,zz_r2_full__as0.5__svc__d8,zz_r2_full__as0.5,ood_test,1.0,0.8787428878298161,0.009005546569824219,0.888,0.8876408090117768,0.887696330878696,0.8818565400843882,0.9632776497695853,0.9489901831454458,,,,
quantum,gpc,8,zz_r2_full__as0.5__gpc__d8,zz_r2_full__as0.5,id_val,,,0.8160874843597412,0.86,0.8614086856116493,0.8599798370965419,0.8582995951417004,0.944448008210918,0.931111510210362,0.39427186983385487,0.122209949395983,0.14150448803534976,0.5138410569560249
quantum,gpc,8,zz_r2_full__as0.5__gpc__d8,zz_r2_full__as0.5,id_test,,,0.8160874843597412,0.864,0.8663801398421964,0.8639912954429083,0.8650793650793651,0.9524664827763166,0.9401986592559601,0.3775746535733398,0.1151658372578198,0.13668894182332916,0.5041131441843424
quantum,gpc,8,zz_r2_full__as0.5__gpc__d8,zz_r2_full__as0.5,ood_test,,,0.8160874843597412,0.846,0.8458781362007168,0.845925427907107,0.8425357873210634,0.9403321812596006,0.9271559792135199,0.4068362214131404,0.12401830111449053,0.21080780212842737,0.5495158537167825
quantum,svc,8,pauli_xz_r1_full__as0.5__svc__d8,pauli_xz_r1_full__as0.5,id_val,100.0,0.8976904855395498,0.014683961868286133,0.892,0.8946372442106614,0.8919844457601894,0.8932806324110671,0.966514850214895,0.9606013639950698,,,,
quantum,svc,8,pauli_xz_r1_full__as0.5__svc__d8,pauli_xz_r1_full__as0.5,id_test,100.0,0.8976904855395498,0.014683961868286133,0.892,0.8969465648854962,0.8916097952629466,0.8981132075471698,0.9584322278529733,0.9471471694759337,,,,
quantum,svc,8,pauli_xz_r1_full__as0.5__svc__d8,pauli_xz_r1_full__as0.5,ood_test,100.0,0.8976904855395498,0.014683961868286133,0.93,0.9302035330261137,0.9299773126492983,0.931237721021611,0.9748943932411673,0.9687510016354032,,,,
quantum,gpc,8,pauli_xz_r1_full__as0.5__gpc__d8,pauli_xz_r1_full__as0.5,id_val,,,0.744086742401123,0.892,0.8969465648854962,0.8916097952629466,0.8981132075471698,0.9694015010584387,0.9634199930450505,0.2518391866756276,0.07330414928127535,0.07955132625004385,0.3644063905090309
quantum,gpc,8,pauli_xz_r1_full__as0.5__gpc__d8,pauli_xz_r1_full__as0.5,id_test,,,0.744086742401123,0.872,0.8774777086407082,0.8713329902213072,0.8805970149253731,0.9609981397139008,0.9551110773653397,0.2733568164203058,0.08289158641127455,0.0758738878051989,0.36270132183435705
quantum,gpc,8,pauli_xz_r1_full__as0.5__gpc__d8,pauli_xz_r1_full__as0.5,ood_test,,,0.744086742401123,0.898,0.8986495135688684,0.8974383725279631,0.9050279329608939,0.8793682795698925,0.771148895143399,0.3334833944033559,0.09888959673882726,0.11516079761526367,0.3798767838055701
quantum,svc,8,zmap_r2__as0.5__svc__d8,zmap_r2__as0.5,id_val,100.0,0.9050300639164991,0.010883569717407227,0.892,0.8919430367566874,0.8917905064204299,0.8870292887029289,0.9592020014112514,0.9402286211618306,,,,
quantum,svc,8,zmap_r2__as0.5__svc__d8,zmap_r2__as0.5,id_test,100.0,0.9050300639164991,0.010883569717407227,0.888,0.8927448842132273,0.8876476630713919,0.8939393939393939,0.9342485085637309,0.8843487727839231,,,,
quantum,svc,8,zmap_r2__as0.5__svc__d8,zmap_r2__as0.5,ood_test,100.0,0.9050300639164991,0.010883569717407227,0.932,0.9321236559139785,0.9319956477214542,0.9325396825396826,0.9667498719918075,0.9614305097991608,,,,
quantum,gpc,8,zmap_r2__as0.5__gpc__d8,zmap_r2__as0.5,id_val,,,0.6407251358032227,0.892,0.8969465648854962,0.8916097952629466,0.8981132075471698,0.9676695105523125,0.9612094808153591,0.2506519271800526,0.07361480903378617,0.06485538795916929,0.3578089656213778
quantum,gpc,8,zmap_r2__as0.5__gpc__d8,zmap_r2__as0.5,id_test,,,0.6407251358032227,0.876,0.8812945025338379,0.8754239603928566,0.8838951310861424,0.9612547308999936,0.9547595263132613,0.26774218465081334,0.08153133822496426,0.07112716041504771,0.35469450325273816
quantum,gpc,8,zmap_r2__as0.5__gpc__d8,zmap_r2__as0.5,ood_test,,,0.6407251358032227,0.9,0.9006976446492576,0.8993558776167472,0.9074074074074074,0.8908730158730159,0.7928082906087037,0.32341562102015714,0.09547877504645981,0.09434551168771682,0.3730652958560551
quantum,svc,8,zz_r1_full__svc__d8,zz_r1_full,id_val,1.0,0.8932555967037,0.010359525680541992,0.864,0.8659952530630572,0.864,0.864,0.9414330617743281,0.9185140493560451,,,,
quantum,svc,8,zz_r1_full__svc__d8,zz_r1_full,id_test,1.0,0.8932555967037,0.010359525680541992,0.876,0.8789851818590031,0.8759503801520608,0.8784313725490196,0.948810058374495,0.914216613065976,,,,
quantum,svc,8,zz_r1_full__svc__d8,zz_r1_full,ood_test,1.0,0.8932555967037,0.010359525680541992,0.916,0.916026625704045,0.9159986559784956,0.9156626506024096,0.9649897593445981,0.9526044593834765,,,,
quantum,gpc,8,zz_r1_full__gpc__d8,zz_r1_full,id_val,,,0.5601084232330322,0.88,0.8828019757521329,0.8799692721336663,0.8818897637795275,0.9500930143049586,0.9353059381099892,0.3695652602528149,0.11107847704185494,0.13393407466383986,0.5042569785531376
quantum,gpc,8,zz_r1_full__gpc__d8,zz_r1_full,id_test,,,0.5601084232330322,0.868,0.8717364808518827,0.8678287060029799,0.8725868725868726,0.9548399512476746,0.9418211646422552,0.3584432094544369,0.10666156487280778,0.12618869262269114,0.49474846061301436
quantum,gpc,8,zz_r1_full__gpc__d8,zz_r1_full,ood_test,,,0.5601084232330322,0.872,0.8723118279569892,0.8718687936446922,0.875968992248062,0.9296915002560164,0.913404453027671,0.39430344742500123,0.11878782138939696,0.185558411248376,0.5396823050582134
quantum,svc,8,zz_r2_full__svc__d8,zz_r2_full,id_val,1.0,0.8530414712985277,0.009559154510498047,0.844,0.8419077554685996,0.8428914420148568,0.8296943231441049,0.9331579960228366,0.921558720970223,,,,
quantum,svc,8,zz_r2_full__svc__d8,zz_r2_full,id_test,1.0,0.8530414712985277,0.009559154510498047,0.872,0.8720892937327602,0.8717948717948718,0.8666666666666667,0.9450253383796265,0.9313633802887508,,,,
quantum,svc,8,zz_r2_full__svc__d8,zz_r2_full,ood_test,1.0,0.8530414712985277,0.009559154510498047,0.802,0.8008512544802867,0.7974424552429668,0.7670588235294118,0.9515809011776755,0.9316449584846094,,,,
quantum,gpc,8,zz_r2_full__gpc__d8,zz_r2_full,id_val,,,0.62766432762146,0.868,0.8671178395022131,0.8675230830991569,0.8595744680851064,0.9377766373725063,0.9243625547842284,0.4490055394557839,0.14551700840909604,0.17707213658616,0.551665377479197
quantum,gpc,8,zz_r2_full__gpc__d8,zz_r2_full,id_test,,,0.62766432762146,0.868,0.8678876130604913,0.8677439522916366,0.8619246861924686,0.9449611905831035,0.9338453694174732,0.4317650013976372,0.13770100454212142,0.17158637722639067,0.5435617055902331
quantum,gpc,8,zz_r2_full__gpc__d8,zz_r2_full,ood_test,,,0.62766432762146,0.782,0.7811059907834101,0.7789217058320048,0.7528344671201814,0.9381880440348181,0.9237670408336861,0.47077461499558443,0.15192445713917035,0.2237249791949451,0.5851467020031391
quantum,svc,8,pauli_xz_r1_full__svc__d8,pauli_xz_r1_full,id_val,100.0,0.9027678035231709,0.016677141189575195,0.892,0.8927128103149657,0.891915261565067,0.8888888888888888,0.941048174995189,0.8893090493284439,,,,
quantum,svc,8,pauli_xz_r1_full__svc__d8,pauli_xz_r1_full,id_test,100.0,0.9027678035231709,0.016677141189575195,0.888,0.8919751106549489,0.8878205128205128,0.8923076923076924,0.9308486753480018,0.8529915733936886,,,,
quantum,svc,8,pauli_xz_r1_full__svc__d8,pauli_xz_r1_full,ood_test,100.0,0.9027678035231709,0.016677141189575195,0.936,0.9361559139784946,0.935990782672705,0.9367588932806324,0.9627176139272914,0.9344040284128449,,,,
quantum,gpc,8,pauli_xz_r1_full__gpc__d8,pauli_xz_r1_full,id_val,,,0.7441551685333252,0.896,0.8999935852203477,0.8958333333333334,0.9,0.9657450766566168,0.9576264845883519,0.26035130201894,0.0758912913007972,0.07038343702791205,0.37212665038568504
quantum,gpc,8,pauli_xz_r1_full__gpc__d8,pauli_xz_r1_full,id_test,,,0.7441551685333252,0.88,0.8851112964269677,0.8795064584538268,0.8872180451127819,0.9596510359869138,0.9533317083929569,0.2751788104139398,0.08360901921124589,0.06753673765946633,0.363221472567926
quantum,gpc,8,pauli_xz_r1_full__gpc__d8,pauli_xz_r1_full,ood_test,,,0.7441551685333252,0.902,0.9026177675371223,0.9015174354336248,0.908411214953271,0.9186667946748592,0.8701282585303411,0.297701392576776,0.08712447210894142,0.07748966276527025,0.374180922415785
quantum,svc,8,zmap_r2__svc__d8,zmap_r2,id_val,10.0,0.898913886279703,0.009004831314086914,0.896,0.8972993777663738,0.8959733691825107,0.8943089430894309,0.9486817627814484,0.9112303179391563,,,,
quantum,svc,8,zmap_r2__svc__d8,zmap_r2,id_test,10.0,0.898913886279703,0.009004831314086914,0.896,0.8999935852203477,0.8958333333333334,0.9,0.9278337289114119,0.8364223383032198,,,,
quantum,svc,8,zmap_r2__svc__d8,zmap_r2,ood_test,10.0,0.898913886279703,0.009004831314086914,0.922,0.921979006656426,0.921992199219922,0.9212121212121213,0.9652777777777778,0.9339306151953154,,,,
quantum,gpc,8,zmap_r2__gpc__d8,zmap_r2,id_val,,,0.6695659160614014,0.904,0.9083969465648856,0.9037783052152158,0.9083969465648855,0.9567643851433704,0.9453735668340205,0.2802386777671087,0.08095180993474704,0.08110836113493483,0.4002931606996286
quantum,gpc,8,zmap_r2__gpc__d8,zmap_r2,id_test,,,0.6695659160614014,0.88,0.8847264096478286,0.8796224961479199,0.8863636363636364,0.954647507858105,0.9477336572064373,0.29340496304582325,0.08814495246162626,0.07480456728199893,0.3868888916046589
quantum,gpc,8,zmap_r2__gpc__d8,zmap_r2,ood_test,,,0.6695659160614014,0.898,0.8986175115207373,0.8974977389207115,0.9046728971962616,0.931515616999488,0.9065023119651687,0.30446475227947345,0.08927974099972291,0.07314603178990131,0.40596474934786764
quantum,svc,8,zz_r1_full__as2__svc__d8,zz_r1_full__as2,id_val,1.0,0.8687990585757952,0.009999752044677734,0.876,0.8770607479633075,0.8759503801520608,0.8734693877551021,0.9443838604143948,0.9299416243322791,,,,
quantum,svc,8,zz_r1_full__as2__svc__d8,zz_r1_full__as2,id_test,1.0,0.8687990585757952,0.009999752044677734,0.876,0.878215408300725,0.8759980159682554,0.8764940239043825,0.9494515363397267,0.937748707697267,,,,
quantum,svc,8,zz_r1_full__as2__svc__d8,zz_r1_full__as2,ood_test,1.0,0.8687990585757952,0.009999752044677734,0.858,0.8576548899129545,0.8576441102756892,0.8505263157894737,0.9558211725550435,0.9330831320797934,,,,
quantum,gpc,8,zz_r1_full__as2__gpc__d8,zz_r1_full__as2,id_val,,,0.5537335872650146,0.86,0.860638912053371,0.8598901538806425,0.8559670781893004,0.9472063634614152,0.933093637832267,0.42497635459152805,0.13376243094335769,0.18448732794361414,0.5476504157491802
quantum,gpc,8,zz_r1_full__as2__gpc__d8,zz_r1_full__as2,id_test,,,0.5537335872650146,0.876,0.878600295079864,0.8759821414283657,0.8774703557312253,0.9529796651485021,0.9381505040012801,0.4082877868553775,0.12638612301687427,0.15473734316276236,0.5393304480074989
quantum,gpc,8,zz_r1_full__as2__gpc__d8,zz_r1_full__as2,ood_test,,,0.5537335872650146,0.818,0.8177483358934972,0.8177368119564652,0.8108108108108109,0.9258832565284177,0.909628020489097,0.45064909666449704,0.1422503296873431,0.23987589280639038,0.5785846017559758
quantum,svc,8,zz_r2_full__as2__svc__d8,zz_r2_full__as2,id_val,100.0,0.8400502840376852,0.014782428741455078,0.836,0.8300404131118096,0.831467140202897,0.8038277511961722,0.9194945153633972,0.921687925853041,,,,
quantum,svc,8,zz_r2_full__as2__svc__d8,zz_r2_full__as2,id_test,100.0,0.8400502840376852,0.014782428741455078,0.804,0.8006607223041888,0.8016868757183793,0.7802690582959642,0.8933222143819359,0.8780976054691453,,,,
quantum,svc,8,zz_r2_full__as2__svc__d8,zz_r2_full__as2,ood_test,100.0,0.8400502840376852,0.014782428741455078,0.762,0.7606566820276498,0.7545693413796091,0.711864406779661,0.9002016129032259,0.8933729438661787,,,,
quantum,gpc,8,zz_r2_full__as2__gpc__d8,zz_r2_full__as2,id_val,,,0.5854809284210205,0.828,0.8239463724421066,0.8253140285022507,0.8036529680365296,0.9269356597600873,0.919047437407754,0.4843247094510079,0.160363098035086,0.15930496674689584,0.5779888125594473
quantum,gpc,8,zz_r2_full__as2__gpc__d8,zz_r2_full__as2,id_test,,,0.5854809284210205,0.824,0.8224388992238116,0.8230828615542974,0.8103448275862069,0.9007633587786259,0.8983905854567401,0.4738682703840554,0.15485988486939342,0.1650302326067664,0.5746416075568049
quantum,gpc,8,zz_r2_full__as2__gpc__d8,zz_r2_full__as2,ood_test,,,0.5854809284210205,0.744,0.7427675371223759,0.7372742200328407,0.6952380952380952,0.8887608806963646,0.8884442159446133,0.5089782282696633,0.16886036891293738,0.16002947947982715,0.6055336996201416
quantum,svc,8,pauli_xz_r1_full__as2__svc__d8,pauli_xz_r1_full__as2,id_val,10.0,0.887546419983113,0.01119089126586914,0.884,0.8858489960869844,0.8839981439703035,0.8835341365461847,0.9250753736609147,0.8681811174272678,,,,
quantum,svc,8,pauli_xz_r1_full__as2__svc__d8,pauli_xz_r1_full__as2,id_test,10.0,0.887546419983113,0.01119089126586914,0.884,0.887388543203541,0.8839089846439608,0.8871595330739299,0.9263583295913784,0.8561395011905426,,,,
quantum,svc,8,pauli_xz_r1_full__as2__svc__d8,pauli_xz_r1_full__as2,ood_test,10.0,0.887546419983113,0.01119089126586914,0.908,0.9078661034306196,0.9079469774590163,0.9057377049180327,0.964957757296467,0.952426891977544,,,,
quantum,gpc,8,pauli_xz_r1_full__as2__gpc__d8,pauli_xz_r1_full__as2,id_val,,,0.6973526477813721,0.86,0.8644877798447623,0.85962041359837,0.8669201520912547,0.9516325614215151,0.9430565567091798,0.31557874961111876,0.09439179692346075,0.09379597733752996,0.4324677277429631
quantum,gpc,8,pauli_xz_r1_full__as2__gpc__d8,pauli_xz_r1_full__as2,id_test,,,0.6973526477813721,0.856,0.8614407595099108,0.8552496139989707,0.8656716417910447,0.9541343254859195,0.9492487082948381,0.3242466473991949,0.09935226908947979,0.09491468291356012,0.42013454686068546
quantum,gpc,8,pauli_xz_r1_full__as2__gpc__d8,pauli_xz_r1_full__as2,ood_test,,,0.6973526477813721,0.894,0.89455325140809,0.8935909636643257,0.9001883239171374,0.9205869175627239,0.8893163990643524,0.33908121777291605,0.09932045614471119,0.12880951247441816,0.46036684122697485
quantum,svc,8,zmap_r2__as2__svc__d8,zmap_r2__as2,id_val,10.0,0.8869374424161233,0.009844303131103516,0.88,0.8820322021938547,0.88,0.88,0.92719225094618,0.853082086801547,,,,
quantum,svc,8,zmap_r2__as2__svc__d8,zmap_r2__as2,id_test,10.0,0.8869374424161233,0.009844303131103516,0.872,0.8743986144075951,0.8719918074756785,0.873015873015873,0.9360446468663801,0.8975442929488565,,,,
quantum,svc,8,zmap_r2__as2__svc__d8,zmap_r2__as2,ood_test,10.0,0.8869374424161233,0.009844303131103516,0.902,0.9018817204301075,0.9019525450317953,0.8997955010224948,0.9524129544290835,0.9457851300204098,,,,
quantum,gpc,8,zmap_r2__as2__gpc__d8,zmap_r2__as2,id_val,,,0.5921816825866699,0.868,0.8713515940727437,0.8678964308017485,0.8715953307392996,0.9440631214317788,0.9327421088665002,0.33488230263331886,0.1017665966963107,0.10192696084896725,0.4461128260476796
quantum,gpc,8,zmap_r2__as2__gpc__d8,zmap_r2__as2,id_test,,,0.5921816825866699,0.852,0.8564693052793637,0.8515987229468482,0.8593155893536122,0.9497081275258195,0.944833945752899,0.3299435366218945,0.10102284682537166,0.10107595009360608,0.43159367717213865
quantum,gpc,8,zmap_r2__as2__gpc__d8,zmap_r2__as2,ood_test,,,0.5921816825866699,0.856,0.8562467997951868,0.8559170081967213,0.859375,0.9232750896057347,0.8982332024332136,0.3549229155196065,0.10718822935282836,0.1260879625730431,0.4628973828699161
classical_ext,svc,10,linear__svc__d10,linear,id_val,100.0,0.851319135940295,0.020999670028686523,0.868,0.8694271601770479,0.8679809892624537,0.8663967611336032,0.9071139906344218,0.8530653852482981,,,,
classical_ext,svc,10,linear__svc__d10,linear,id_test,100.0,0.851319135940295,0.020999670028686523,0.872,0.8747835011867342,0.871967223609244,0.8740157480314961,0.8609917249342485,0.7683258344176088,,,,
classical_ext,svc,10,linear__svc__d10,linear,ood_test,100.0,0.851319135940295,0.020999670028686523,0.736,0.7353110599078341,0.733746429781672,0.7092511013215859,0.8443580389144905,0.7487569189568966,,,,
classical_ext,gpc,10,linear__gpc__d10,linear,id_val,,,0.5271439552307129,0.888,0.8912053370966708,0.8879354508196722,0.890625,0.9574700109051254,0.9505073673901299,0.36960954015411673,0.10781833255419851,0.16783635685242865,0.5333447781473346
classical_ext,gpc,10,linear__gpc__d10,linear,id_test,,,0.5271439552307129,0.864,0.8675348001796138,0.8638605932474854,0.8682170542635659,0.9355956122907177,0.9285104052592982,0.39768449803678335,0.12002757001063849,0.13161518229431401,0.5262565954469435
classical_ext,gpc,10,linear__gpc__d10,linear,ood_test,,,0.5271439552307129,0.714,0.713773681515617,0.7136690013655786,0.7039337474120083,0.8385176651305684,0.7600671845028797,0.5312488824270731,0.18239244085349562,0.17801804289660514,0.496207158961985
classical_ext,svc,10,rbf_gscale__svc__d10,rbf_gscale,id_val,100.0,0.9102556643928252,0.013005733489990234,0.904,0.9057027391109116,0.9039938556067588,0.9032258064516129,0.9692732054653923,0.9639509332863231,,,,
classical_ext,svc,10,rbf_gscale__svc__d10,rbf_gscale,id_test,100.0,0.9102556643928252,0.013005733489990234,0.896,0.8996086984412086,0.8958933948363124,0.8992248062015504,0.957020976329463,0.9480378480640317,,,,
classical_ext,svc,10,rbf_gscale__svc__d10,rbf_gscale,ood_test,100.0,0.9102556643928252,0.013005733489990234,0.93,0.9301715309779826,0.9299862773103529,0.9309664694280079,0.9634056579621096,0.9592904586616554,,,,
classical_ext,gpc,10,rbf_gscale__gpc__d10,rbf_gscale,id_val,,,0.7623870372772217,0.892,0.8969465648854962,0.8916097952629466,0.8981132075471698,0.9636923471678748,0.9549640245936722,0.26565446289570965,0.07648868246140277,0.07802777277356854,0.3887228022902004
classical_ext,gpc,10,rbf_gscale__gpc__d10,rbf_gscale,id_test,,,0.7623870372772217,0.876,0.8812945025338379,0.8754239603928566,0.8838951310861424,0.955994611585092,0.9493669886953323,0.28353364557164,0.08495276656779942,0.07523353205491216,0.382544060639333
classical_ext,gpc,10,rbf_gscale__gpc__d10,rbf_gscale,ood_test,,,0.7623870372772217,0.904,0.9047299027137736,0.9033178104706812,0.9114391143911439,0.905449948796723,0.857513591900193,0.32561143584887653,0.09909973766762131,0.126650366959445,0.3957798975326818
classical_ext,svc,10,poly2__svc__d10,poly2,id_val,10.0,0.8971699048374306,0.014249801635742188,0.892,0.8969465648854962,0.8916097952629466,0.8981132075471698,0.9467573288857527,0.9182252758649627,,,,
classical_ext,svc,10,poly2__svc__d10,poly2,id_test,10.0,0.8971699048374306,0.014249801635742188,0.872,0.8774777086407082,0.8713329902213072,0.8805970149253731,0.9379049329655527,0.9162587251524682,,,,
classical_ext,svc,10,poly2__svc__d10,poly2,ood_test,10.0,0.8971699048374306,0.014249801635742188,0.904,0.9046979006656426,0.9033816425120773,0.9111111111111111,0.932315668202765,0.867243050305897,,,,
classical_ext,gpc,10,poly2__gpc__d10,poly2,id_val,,,0.5336368083953857,0.896,0.8988389248829303,0.8959733691825107,0.8976377952755905,0.9609339919173776,0.9543039782248788,0.3344787612820483,0.09559547312826483,0.134188171728426,0.4907369151049638
classical_ext,gpc,10,poly2__gpc__d10,poly2,id_test,,,0.5336368083953857,0.872,0.8751683879658734,0.8719262295081966,0.875,0.9450894861761499,0.9360403888593162,0.3575094571895869,0.10567308648996321,0.12530888153053713,0.48598650859787523
classical_ext,gpc,10,poly2__gpc__d10,poly2,ood_test,,,0.5336368083953857,0.71,0.7098694316436251,0.7098595720328639,0.7034764826175869,0.8475902457757296,0.7956030522897292,0.46228436927740457,0.15676110408683638,0.1709896134596616,0.4784417452836518
classical_ext,svc,10,poly3__svc__d10,poly3,id_val,100.0,0.8976985857784827,0.009999275207519531,0.908,0.9110590801205978,0.9079631852741097,0.9098039215686274,0.9620245044582718,0.9423613721342488,,,,
classical_ext,svc,10,poly3__svc__d10,poly3,id_test,100.0,0.8976985857784827,0.009999275207519531,0.884,0.8885432035409584,0.8836854855529351,0.8897338403041825,0.9567002373468472,0.9375090875502955,,,,
classical_ext,svc,10,poly3__svc__d10,poly3,ood_test,100.0,0.8976985857784827,0.009999275207519531,0.908,0.9085061443932412,0.9077105803800719,0.9128787878787878,0.9605094726062468,0.946765060880526,,,,
classical_ext,gpc,10,poly3__gpc__d10,poly3,id_val,,,0.5170254707336426,0.9,0.90265571877606,0.8999855979261013,0.9011857707509882,0.9609981397139009,0.9541155081599527,0.31334837611260924,0.08884227097306491,0.12167834830250975,0.4642558545769921
classical_ext,gpc,10,poly3__gpc__d10,poly3,id_test,,,0.5170254707336426,0.872,0.8751683879658734,0.8719262295081966,0.875,0.9507986400667137,0.9446891248932443,0.33684416311480536,0.09924109109918826,0.10992698992400471,0.4588604081008939
classical_ext,gpc,10,poly3__gpc__d10,poly3,ood_test,,,0.5170254707336426,0.734,0.7340629800307219,0.733998935995744,0.7345309381237525,0.8561187916026626,0.8068567902141629,0.4311854714566135,0.1446577695021647,0.13431658979680408,0.45582990817683583
classical_ext,svc,10,laplacian_med__svc__d10,laplacian_med,id_val,10.0,0.9177290651329788,0.0069997310638427734,0.884,0.884694335749567,0.8839089846439608,0.8806584362139918,0.9577907498877414,0.9463912191354417,,,,
classical_ext,svc,10,laplacian_med__svc__d10,laplacian_med,id_test,10.0,0.9177290651329788,0.0069997310638427734,0.892,0.8942523574315222,0.8919982719723516,0.8924302788844621,0.9504137532875745,0.9120427888712872,,,,
classical_ext,svc,10,laplacian_med__svc__d10,laplacian_med,ood_test,10.0,0.9177290651329788,0.0069997310638427734,0.936,0.9359959037378391,0.9359959037378391,0.9354838709677419,0.9824308755760368,0.9752751208593059,,,,
classical_ext,gpc,10,laplacian_med__gpc__d10,laplacian_med,id_val,,,0.5495150089263916,0.892,0.8969465648854962,0.8916097952629466,0.8981132075471698,0.9606774007312849,0.9535732089060562,0.27279376853921694,0.07856646338754175,0.08767555984154884,0.40152738085564743
classical_ext,gpc,10,laplacian_med__gpc__d10,laplacian_med,id_test,,,0.5495150089263916,0.876,0.8812945025338379,0.8754239603928566,0.8838951310861424,0.9601642183590994,0.9556485474267669,0.28148063814765684,0.0835590792947058,0.09481536580861834,0.3887832784427343
classical_ext,gpc,10,laplacian_med__gpc__d10,laplacian_med,ood_test,,,0.5495150089263916,0.896,0.8966653865847414,0.8953958061764753,0.9033457249070632,0.9575172811059908,0.9521502415711561,0.2851298499482123,0.082345494171864,0.11723591012010713,0.4105686004208862
classical_ext,svc,10,matern15_med__svc__d10,matern15_med,id_val,100.0,0.9137626347687278,0.012999773025512695,0.896,0.895374943870678,0.8956728299948639,0.8898305084745762,0.956315350567708,0.9232647258448574,,,,
classical_ext,svc,10,matern15_med__svc__d10,matern15_med,id_test,100.0,0.9137626347687278,0.012999773025512695,0.888,0.8915902238758099,0.8878851944391057,0.8914728682170543,0.9504137532875746,0.9131451215867705,,,,
classical_ext,svc,10,matern15_med__svc__d10,matern15_med,ood_test,100.0,0.9137626347687278,0.012999773025512695,0.92,0.9200588837685612,0.92,0.92,0.9722542242703532,0.966254598040502,,,,
classical_ext,gpc,10,matern15_med__gpc__d10,matern15_med,id_val,,,0.7987196445465088,0.892,0.8969465648854962,0.8916097952629466,0.8981132075471698,0.9622810956443646,0.9529805276831337,0.270398689173902,0.07751677259399148,0.08295654272296031,0.39867224479020186
classical_ext,gpc,10,matern15_med__gpc__d10,matern15_med,id_test,,,0.7987196445465088,0.872,0.8774777086407082,0.8713329902213072,0.8805970149253731,0.9549040990441978,0.947985429449754,0.286308882110164,0.08535313777984326,0.07510161941432325,0.3914128995349533
classical_ext,gpc,10,matern15_med__gpc__d10,matern15_med,ood_test,,,0.7987196445465088,0.902,0.9027137736815156,0.9013365872124163,0.9094269870609981,0.9086821556579621,0.8776359832243491,0.32619405557882397,0.0990082540593331,0.15323162683097205,0.4105710477121795
classical_ext,svc,10,matern25_med__svc__d10,matern25_med,id_val,100.0,0.9092847906064175,0.009998321533203125,0.896,0.8969144909872346,0.8959400614754098,0.8934426229508197,0.962730130220027,0.9542335143520916,,,,
classical_ext,svc,10,matern25_med__svc__d10,matern25_med,id_test,100.0,0.9092847906064175,0.009998321533203125,0.892,0.8954070177689397,0.891915261565067,0.8949416342412452,0.9438065302456862,0.9002729813784631,,,,
classical_ext,svc,10,matern25_med__svc__d10,matern25_med,ood_test,100.0,0.9092847906064175,0.009998321533203125,0.926,0.9261072708653354,0.9259973359040925,0.9264413518886679,0.9618855606758833,0.9515548485971909,,,,
classical_ext,gpc,10,matern25_med__gpc__d10,matern25_med,id_val,,,0.7449753284454346,0.892,0.8969465648854962,0.8916097952629466,0.8981132075471698,0.9613188786965168,0.9525173087250799,0.27416672268713516,0.0783267082782386,0.08215432803074557,0.40548566416033993
classical_ext,gpc,10,matern25_med__gpc__d10,matern25_med,id_test,,,0.7449753284454346,0.872,0.8774777086407082,0.8713329902213072,0.8805970149253731,0.9552248380268138,0.9486192443551322,0.29150627304775895,0.08663426923313186,0.07903025646395487,0.3996298135558812
classical_ext,gpc,10,matern25_med__gpc__d10,matern25_med,ood_test,,,0.7449753284454346,0.9,0.9006976446492576,0.8993558776167472,0.9074074074074074,0.9036098310291858,0.8666528670641204,0.34031344180710016,0.10473626232049185,0.1379480364072938,0.41378054536345266
classical_ext,svc,10,rbf_gscale_x0.1__svc__d10,rbf_gscale_x0.1,id_val,10.0,0.8971699048374306,0.008709907531738281,0.892,0.8969465648854962,0.8916097952629466,0.8981132075471698,0.9376483417794599,0.9036810707881885,,,,
classical_ext,svc,10,rbf_gscale_x0.1__svc__d10,rbf_gscale_x0.1,id_test,10.0,0.8971699048374306,0.008709907531738281,0.872,0.8774777086407082,0.8713329902213072,0.8805970149253731,0.9298864584001538,0.8872218518829447,,,,
classical_ext,svc,10,rbf_gscale_x0.1__svc__d10,rbf_gscale_x0.1,ood_test,10.0,0.8971699048374306,0.008709907531738281,0.904,0.9046979006656426,0.9033816425120773,0.9111111111111111,0.9162346390168971,0.8498275126946347,,,,
classical_ext,gpc,10,rbf_gscale_x0.1__gpc__d10,rbf_gscale_x0.1,id_val,,,0.5483970642089844,0.884,0.8862338828661236,0.8839981439703035,0.8844621513944223,0.9558663159920456,0.9487514323047591,0.3704617812960553,0.10773540529856442,0.1422949270716981,0.5290219127525359
classical_ext,gpc,10,rbf_gscale_x0.1__gpc__d10,rbf_gscale_x0.1,id_test,,,0.5483970642089844,0.872,0.8751683879658734,0.8719262295081966,0.875,0.9472063634614151,0.9383393293615417,0.3853704056209939,0.11450319812259525,0.13953648637278687,0.527913142239964
classical_ext,gpc,10,rbf_gscale_x0.1__gpc__d10,rbf_gscale_x0.1,ood_test,,,0.5483970642089844,0.678,0.6776113671274961,0.6770583020086572,0.6596194503171248,0.8330133128520225,0.7429857737529783,0.4801353938616496,0.16011854993782526,0.20840700054286032,0.5275917068450114
classical_ext,svc,10,rbf_gscale_x0.3__svc__d10,rbf_gscale_x0.3,id_val,10.0,0.8971699048374306,0.010000228881835938,0.892,0.8969465648854962,0.8916097952629466,0.8981132075471698,0.9631791647956893,0.950393317210466,,,,
classical_ext,svc,10,rbf_gscale_x0.3__svc__d10,rbf_gscale_x0.3,id_test,10.0,0.8971699048374306,0.010000228881835938,0.872,0.8774777086407082,0.8713329902213072,0.8805970149253731,0.9575341587016486,0.9459426400909582,,,,
classical_ext,svc,10,rbf_gscale_x0.3__svc__d10,rbf_gscale_x0.3,ood_test,10.0,0.8971699048374306,0.010000228881835938,0.902,0.9026817716333846,0.901400118319858,0.9090909090909091,0.9550851254480286,0.9226526827568949,,,,
classical_ext,gpc,10,rbf_gscale_x0.3__gpc__d10,rbf_gscale_x0.3,id_val,,,0.5601780414581299,0.892,0.8946372442106614,0.8919844457601894,0.8932806324110671,0.9565719417538007,0.9489295578697412,0.31298684649698066,0.08955835360944216,0.10022895099334365,0.45438075478587714
classical_ext,gpc,10,rbf_gscale_x0.3__gpc__d10,rbf_gscale_x0.3,id_test,,,0.5601780414581299,0.872,0.8755532747450125,0.8718687936446922,0.875968992248062,0.9538135865033035,0.9477347122016249,0.33162347717092644,0.09795814257564282,0.09993288376911466,0.45188527639109277
classical_ext,gpc,10,rbf_gscale_x0.3__gpc__d10,rbf_gscale_x0.3,ood_test,,,0.5601780414581299,0.754,0.7542242703533026,0.753880878345119,0.7592954990215264,0.8507744495647722,0.7899483255191402,0.41403579450418454,0.1362215762204781,0.13532017074657474,0.4554191547375804
classical_ext,svc,10,rbf_gscale_x3__svc__d10,rbf_gscale_x3,id_val,100.0,0.90701319488822,0.015002012252807617,0.892,0.8919430367566874,0.8917905064204299,0.8870292887029289,0.9554814292129065,0.9290364792037759,,,,
classical_ext,svc,10,rbf_gscale_x3__svc__d10,rbf_gscale_x3,id_test,100.0,0.90701319488822,0.015002012252807617,0.876,0.8789851818590031,0.8759503801520608,0.8784313725490196,0.9394444800821092,0.9059238012530972,,,,
classical_ext,svc,10,rbf_gscale_x3__svc__d10,rbf_gscale_x3,ood_test,100.0,0.90701319488822,0.015002012252807617,0.93,0.9301715309779826,0.9299862773103529,0.9309664694280079,0.9583013312852023,0.9427536977200716,,,,
classical_ext,gpc,10,rbf_gscale_x3__gpc__d10,rbf_gscale_x3,id_val,,,0.7333476543426514,0.896,0.9007633587786259,0.8956728299948639,0.9015151515151515,0.964141381743537,0.9543883363578137,0.2565023127012799,0.0749704813000036,0.06532048081754084,0.36605278949310316
classical_ext,gpc,10,rbf_gscale_x3__gpc__d10,rbf_gscale_x3,id_test,,,0.7333476543426514,0.88,0.8851112964269677,0.8795064584538268,0.8872180451127819,0.9573417153120791,0.9494228736510033,0.27071994619010203,0.08193444317631074,0.05737916378151483,0.3566694090421165
classical_ext,gpc,10,rbf_gscale_x3__gpc__d10,rbf_gscale_x3,ood_test,,,0.7333476543426514,0.904,0.9047299027137736,0.9033178104706812,0.9114391143911439,0.9397721454173067,0.9115399205652455,0.2835314821668934,0.08262254018197591,0.0662534806811489,0.3787268592104649
classical_ext,svc,10,rbf_gscale_x10__svc__d10,rbf_gscale_x10,id_val,10.0,0.9029960458001944,0.008423566818237305,0.892,0.8919430367566874,0.8917905064204299,0.8870292887029289,0.9398935146577715,0.897944808222029,,,,
classical_ext,svc,10,rbf_gscale_x10__svc__d10,rbf_gscale_x10,id_test,10.0,0.9029960458001944,0.008423566818237305,0.888,0.8912053370966708,0.8879354508196722,0.890625,0.9358522034768106,0.881883483082628,,,,
classical_ext,svc,10,rbf_gscale_x10__svc__d10,rbf_gscale_x10,ood_test,10.0,0.9029960458001944,0.008423566818237305,0.922,0.9221070148489503,0.9219971918989084,0.9224652087475149,0.9624935995903737,0.9570139852362535,,,,
classical_ext,gpc,10,rbf_gscale_x10__gpc__d10,rbf_gscale_x10,id_val,,,0.7534167766571045,0.9,0.9041952658926167,0.899806024463361,0.9042145593869731,0.962409391237411,0.9517315787856987,0.2799855046949082,0.0819836482741905,0.10991316240406628,0.3976762233709247
classical_ext,gpc,10,rbf_gscale_x10__gpc__d10,rbf_gscale_x10,id_test,,,0.7534167766571045,0.88,0.8851112964269677,0.8795064584538268,0.8872180451127819,0.9543909166720123,0.9473542782078483,0.2888184163523786,0.08727275700650386,0.07645524254628297,0.3840357768576924
classical_ext,gpc,10,rbf_gscale_x10__gpc__d10,rbf_gscale_x10,ood_test,,,0.7534167766571045,0.916,0.9165706605222734,0.9156545209176787,0.9210526315789473,0.96415770609319,0.9549012246713121,0.27655564481281025,0.07747989915763082,0.1166649206045481,0.4137382359201078
classical_ext,svc,10,laplacian_med_x0.1__svc__d10,laplacian_med_x0.1,id_val,10.0,0.9036585491044503,0.013531208038330078,0.868,0.8678876130604913,0.8677439522916366,0.8619246861924686,0.9567002373468472,0.9419320094144731,,,,
classical_ext,svc,10,laplacian_med_x0.1__svc__d10,laplacian_med_x0.1,id_test,10.0,0.9036585491044503,0.013531208038330078,0.884,0.8858489960869844,0.8839981439703035,0.8835341365461847,0.9617679132721791,0.9582119156589873,,,,
classical_ext,svc,10,laplacian_med_x0.1__svc__d10,laplacian_med_x0.1,ood_test,10.0,0.9036585491044503,0.013531208038330078,0.918,0.9178187403993856,0.917926133520168,0.9154639175257732,0.981102790578597,0.9779735369520991,,,,
classical_ext,gpc,10,laplacian_med_x0.1__gpc__d10,laplacian_med_x0.1,id_val,,,0.6544451713562012,0.896,0.8996086984412086,0.8958933948363124,0.8992248062015504,0.9591378536147284,0.9514466083574373,0.3656336062722544,0.11032107195239838,0.1453277551059096,0.5087030488162139
classical_ext,gpc,10,laplacian_med_x0.1__gpc__d10,laplacian_med_x0.1,id_test,,,0.6544451713562012,0.876,0.8809096157546987,0.8755519871537536,0.8830188679245283,0.9625376868304574,0.9581735520890919,0.3551499831694239,0.10659790530330782,0.13426708591650618,0.49491499462448746
classical_ext,gpc,10,laplacian_med_x0.1__gpc__d10,laplacian_med_x0.1,ood_test,,,0.6544451713562012,0.938,0.9383640552995391,0.93791034253462,0.9402697495183044,0.9670378904249872,0.9608265752985383,0.36332156677164745,0.10613261131547369,0.19562174729516615,0.5313800999622978
classical_ext,svc,10,laplacian_med_x0.3__svc__d10,laplacian_med_x0.3,id_val,10.0,0.9119519025456245,0.012102603912353516,0.884,0.884309448970428,0.8838494689117096,0.8796680497925311,0.9613188786965168,0.9509455903137614,,,,
classical_ext,svc,10,laplacian_med_x0.3__svc__d10,laplacian_med_x0.3,id_test,10.0,0.9119519025456245,0.012102603912353516,0.892,0.893482583873244,0.8919844457601894,0.8906882591093117,0.9642696773365835,0.9602625325633751,,,,
classical_ext,svc,10,laplacian_med_x0.3__svc__d10,laplacian_med_x0.3,ood_test,10.0,0.9119519025456245,0.012102603912353516,0.926,0.925979262672811,0.925992599259926,0.9252525252525252,0.9859671018945213,0.9837691666146363,,,,
classical_ext,gpc,10,laplacian_med_x0.3__gpc__d10,laplacian_med_x0.3,id_val,,,0.7500283718109131,0.892,0.896561678106357,0.8917071762044568,0.8973384030418251,0.96138302649304,0.9536683343248445,0.28068245857845836,0.0817303506289787,0.09006795952626864,0.4088866367429623
classical_ext,gpc,10,laplacian_med_x0.3__gpc__d10,laplacian_med_x0.3,id_test,,,0.7500283718109131,0.88,0.8851112964269677,0.8795064584538268,0.8872180451127819,0.9615113220860864,0.9569445547951781,0.28149990858765733,0.083370082121182,0.07678308471786763,0.3940961071509118
classical_ext,gpc,10,laplacian_med_x0.3__gpc__d10,laplacian_med_x0.3,ood_test,,,0.7500283718109131,0.912,0.9125704045058884,0.9116380695328063,0.9172932330827067,0.9674219150025601,0.9617701763396866,0.2736753942368223,0.07636599208735592,0.11787590524648626,0.42317411021166595
classical_ext,svc,10,laplacian_med_x3__svc__d10,laplacian_med_x3,id_val,100.0,0.9092168047396504,0.008999109268188477,0.888,0.8888960164218359,0.8879354508196722,0.8852459016393442,0.9565077939572775,0.9479964517490878,,,,
classical_ext,svc,10,laplacian_med_x3__svc__d10,laplacian_med_x3,id_test,100.0,0.9092168047396504,0.008999109268188477,0.896,0.8972993777663738,0.8959733691825107,0.8943089430894309,0.9544550644685355,0.9212405747381103,,,,
classical_ext,svc,10,laplacian_med_x3__svc__d10,laplacian_med_x3,ood_test,100.0,0.9092168047396504,0.008999109268188477,0.94,0.9399641577060931,0.9399913587556608,0.9392712550607287,0.9801107270865336,0.9788062581459328,,,,
classical_ext,gpc,10,laplacian_med_x3__gpc__d10,laplacian_med_x3,id_val,,,0.6409835815429688,0.892,0.8969465648854962,0.8916097952629466,0.8981132075471698,0.9620245044582718,0.956200920353627,0.300496324889917,0.08404388310288294,0.1006994327851813,0.4566061018156356
classical_ext,gpc,10,laplacian_med_x3__gpc__d10,laplacian_med_x3,id_test,,,0.6409835815429688,0.876,0.8812945025338379,0.8754239603928566,0.8838951310861424,0.9555455770094297,0.951592683789179,0.3115806145976866,0.08996514155741932,0.10587982405497641,0.4492703981922154
classical_ext,gpc,10,laplacian_med_x3__gpc__d10,laplacian_med_x3,ood_test,,,0.6409835815429688,0.886,0.8866167434715821,0.8854386493819717,0.8934579439252337,0.9140584997439836,0.9017392150079081,0.34442643813836293,0.1040538717662568,0.1549465320937823,0.45897744248836214
classical_ext,svc,10,laplacian_med_x10__svc__d10,laplacian_med_x10,id_val,100.0,0.9145239369278503,0.010007381439208984,0.876,0.8766758611841683,0.8759027077228547,0.8724279835390947,0.95836808005645,0.93962633916913,,,,
classical_ext,svc,10,laplacian_med_x10__svc__d10,laplacian_med_x10,id_test,100.0,0.9145239369278503,0.010007381439208984,0.896,0.8984540381037911,0.8959933435739887,0.8968253968253969,0.9406632882160497,0.9087920368833231,,,,
classical_ext,svc,10,laplacian_med_x10__svc__d10,laplacian_med_x10,ood_test,100.0,0.9145239369278503,0.010007381439208984,0.94,0.9400921658986175,0.9399990399846399,0.9402390438247012,0.9809747823860727,0.9790239123746155,,,,
classical_ext,gpc,10,laplacian_med_x10__gpc__d10,laplacian_med_x10,id_val,,,0.5183942317962646,0.892,0.896561678106357,0.8917071762044568,0.8973384030418251,0.9568285329398936,0.9463273450115838,0.36631771233559157,0.10333045461449632,0.1623491721465631,0.5496693274439822
classical_ext,gpc,10,laplacian_med_x10__gpc__d10,laplacian_med_x10,id_test,,,0.5183942317962646,0.868,0.8728911411893001,0.8675230830991569,0.8754716981132076,0.9544550644685356,0.9485067956069445,0.37491943706109404,0.10788797381844577,0.14567983924927808,0.54687996823951
classical_ext,gpc,10,laplacian_med_x10__gpc__d10,laplacian_med_x10,ood_test,,,0.5183942317962646,0.794,0.7945148489503329,0.7933046769332033,0.8052930056710775,0.8794642857142858,0.8253272956289004,0.4331547738562481,0.13580132762664804,0.2291874957652948,0.5459549295199947
classical_ext,svc,10,matern15_med_x0.1__svc__d10,matern15_med_x0.1,id_val,1.0,0.8943251009241651,0.011561870574951172,0.864,0.8648405927256398,0.863921618852459,0.860655737704918,0.9519533004041312,0.9460675822856044,,,,
classical_ext,svc,10,matern15_med_x0.1__svc__d10,matern15_med_x0.1,id_test,1.0,0.8943251009241651,0.011561870574951172,0.88,0.8824170889729939,0.8799923195084485,0.8809523809523809,0.959009558021682,0.9551900087061831,,,,
classical_ext,svc,10,matern15_med_x0.1__svc__d10,matern15_med_x0.1,ood_test,1.0,0.8943251009241651,0.011561870574951172,0.902,0.9017217101894521,0.9018268225149164,0.8977035490605428,0.9730222734254993,0.9675344699595707,,,,
classical_ext,gpc,10,matern15_med_x0.1__gpc__d10,matern15_med_x0.1,id_val,,,0.7850046157836914,0.888,0.8908204503175317,0.8879713206580885,0.889763779527559,0.9570851241259862,0.9483608182461283,0.36403613395636897,0.11043689130729212,0.1362121645979744,0.4969613361901964
classical_ext,gpc,10,matern15_med_x0.1__gpc__d10,matern15_med_x0.1,id_test,,,0.7850046157836914,0.868,0.8717364808518827,0.8678287060029799,0.8725868725868726,0.9574700109051254,0.9524911582754013,0.35389384316626243,0.10719381407358698,0.12304880816673212,0.4811715279687081
classical_ext,gpc,10,matern15_med_x0.1__gpc__d10,matern15_med_x0.1,ood_test,,,0.7850046157836914,0.932,0.932315668202765,0.9319302966237427,0.9341085271317829,0.9651817716333846,0.9582329906707449,0.36022547311629827,0.10518740776669327,0.1971887847909591,0.5237448544970127
classical_ext,svc,10,matern15_med_x0.3__svc__d10,matern15_med_x0.3,id_val,10.0,0.9060116765345221,0.01399850845336914,0.876,0.8759060876258901,0.8757594703345677,0.8702928870292888,0.9470780678683688,0.9197855777840821,,,,
classical_ext,svc,10,matern15_med_x0.3__svc__d10,matern15_med_x0.3,id_test,10.0,0.9060116765345221,0.01399850845336914,0.876,0.878215408300725,0.8759980159682554,0.8764940239043825,0.9545192122650588,0.930662078265002,,,,
classical_ext,svc,10,matern15_med_x0.3__svc__d10,matern15_med_x0.3,ood_test,10.0,0.9060116765345221,0.01399850845336914,0.93,0.9300115207373272,0.9299974799092767,0.9295774647887324,0.9795666922683052,0.9775829621443884,,,,
classical_ext,gpc,10,matern15_med_x0.3__gpc__d10,matern15_med_x0.3,id_val,,,0.8199694156646729,0.9,0.9045801526717557,0.8997288668559785,0.9049429657794676,0.9625376868304574,0.9520005365821752,0.2712486870214148,0.07927505920681203,0.08732147809709453,0.38724282505352725
classical_ext,gpc,10,matern15_med_x0.3__gpc__d10,matern15_med_x0.3,id_test,,,0.8199694156646729,0.88,0.8851112964269677,0.8795064584538268,0.8872180451127819,0.9567643851433704,0.9503480361111162,0.2795948162693861,0.08437727295365079,0.0776956309633082,0.3736535323451897
classical_ext,gpc,10,matern15_med_x0.3__gpc__d10,matern15_med_x0.3,ood_test,,,0.8199694156646729,0.9,0.9006976446492576,0.8993558776167472,0.9074074074074074,0.962317588325653,0.9553597057102966,0.275326310126875,0.07804781462320252,0.11095630652405786,0.40577176318546276
classical_ext,svc,10,matern15_med_x3__svc__d10,matern15_med_x3,id_val,100.0,0.8998620473169442,0.012997150421142578,0.908,0.9102893065623197,0.9079985279764475,0.9083665338645418,0.9611905831034704,0.9396236994182599,,,,
classical_ext,svc,10,matern15_med_x3__svc__d10,matern15_med_x3,id_test,100.0,0.8998620473169442,0.012997150421142578,0.892,0.8961767913272178,0.8917905064204299,0.896551724137931,0.9459234075309514,0.9121237832736663,,,,
classical_ext,svc,10,matern15_med_x3__svc__d10,matern15_med_x3,ood_test,100.0,0.8998620473169442,0.012997150421142578,0.93,0.9302035330261137,0.9299773126492983,0.931237721021611,0.9609254992319508,0.944685341620708,,,,
classical_ext,gpc,10,matern15_med_x3__gpc__d10,matern15_med_x3,id_val,,,0.7376265525817871,0.888,0.8900506767592533,0.888,0.888,0.95836808005645,0.9511702371661143,0.3492766910499902,0.09958786110881494,0.14764564639713934,0.5143757186418664
classical_ext,gpc,10,matern15_med_x3__gpc__d10,matern15_med_x3,id_test,,,0.7376265525817871,0.872,0.8751683879658734,0.8719262295081966,0.875,0.9531079607415485,0.947033224661159,0.36395976036867667,0.10638332356547699,0.1479337048318948,0.5125856888863268
classical_ext,gpc,10,matern15_med_x3__gpc__d10,matern15_med_x3,ood_test,,,0.7376265525817871,0.686,0.6856758832565284,0.6853341670975786,0.6708595387840671,0.844342037890425,0.7886416387299251,0.45257413077427183,0.14842362126473926,0.1848201270578852,0.5149097043997424
classical_ext,svc,10,matern15_med_x10__svc__d10,matern15_med_x10,id_val,100.0,0.8971699048374306,0.009757757186889648,0.892,0.8969465648854962,0.8916097952629466,0.8981132075471698,0.9452177817691962,0.9040359335131337,,,,
classical_ext,svc,10,matern15_med_x10__svc__d10,matern15_med_x10,id_test,100.0,0.8971699048374306,0.009757757186889648,0.872,0.8774777086407082,0.8713329902213072,0.8805970149253731,0.935018282122009,0.8933220441140124,,,,
classical_ext,svc,10,matern15_med_x10__svc__d10,matern15_med_x10,ood_test,100.0,0.8971699048374306,0.009757757186889648,0.904,0.9046979006656426,0.9033816425120773,0.9111111111111111,0.9419002816180235,0.8825213856684577,,,,
classical_ext,gpc,10,matern15_med_x10__gpc__d10,matern15_med_x10,id_val,,,0.5140292644500732,0.884,0.8862338828661236,0.8839981439703035,0.8844621513944223,0.9433574956700237,0.9436168881642328,0.5257308551478318,0.168977462873242,0.28630285838316494,0.659110288475388
classical_ext,gpc,10,matern15_med_x10__gpc__d10,matern15_med_x10,id_test,,,0.5140292644500732,0.872,0.8755532747450125,0.8718687936446922,0.875968992248062,0.9382256719481685,0.9376595378867868,0.5306567978227253,0.17144942524533882,0.26207938628446026,0.658561955335736
classical_ext,gpc,10,matern15_med_x10__gpc__d10,matern15_med_x10,ood_test,,,0.5140292644500732,0.67,0.6695788530465949,0.668886132951248,0.6496815286624203,0.8220686123911931,0.7336082647831264,0.5847000865892692,0.1975478170157375,0.2845085794780262,0.6605146893199023
classical_ext,svc,10,matern25_med_x0.1__svc__d10,matern25_med_x0.1,id_val,1.0,0.8934329518361397,0.012027502059936523,0.86,0.8602540252742319,0.8598183245486151,0.8547717842323651,0.950862787863237,0.9449789833727372,,,,
classical_ext,svc,10,matern25_med_x0.1__svc__d10,matern25_med_x0.1,id_test,1.0,0.8934329518361397,0.012027502059936523,0.88,0.8824170889729939,0.8799923195084485,0.8809523809523809,0.9582397844634036,0.9540665579508039,,,,
classical_ext,svc,10,matern25_med_x0.1__svc__d10,matern25_med_x0.1,ood_test,1.0,0.8934329518361397,0.012027502059936523,0.898,0.8976574500768049,0.8977443609022556,0.8926315789473684,0.9724622375832053,0.9667511212819603,,,,
classical_ext,gpc,10,matern25_med_x0.1__gpc__d10,matern25_med_x0.1,id_val,,,0.7919363975524902,0.884,0.8862338828661236,0.8839981439703035,0.8844621513944223,0.9559304637885688,0.9471084347346661,0.3652713453030983,0.11112086583877974,0.1353710852554963,0.49539366404472435
classical_ext,gpc,10,matern25_med_x0.1__gpc__d10,matern25_med_x0.1,id_test,,,0.7919363975524902,0.872,0.8755532747450125,0.8718687936446922,0.875968992248062,0.9570851241259862,0.9522638441988321,0.354100749336878,0.1075621116821263,0.1226996626191335,0.4787166604377368
classical_ext,gpc,10,matern25_med_x0.1__gpc__d10,matern25_med_x0.1,ood_test,,,0.7919363975524902,0.932,0.9322836661546339,0.9319466461705977,0.933852140077821,0.9656618023553507,0.9589403475669983,0.3602116043730198,0.10522167725648643,0.1964718893227788,0.5230245403391798
classical_ext,svc,10,matern25_med_x0.3__svc__d10,matern25_med_x0.3,id_val,10.0,0.911919686050779,0.00834965705871582,0.884,0.8839245621912888,0.8837749883774988,0.8786610878661087,0.9490025017640644,0.9040003981562555,,,,
classical_ext,svc,10,matern25_med_x0.3__svc__d10,matern25_med_x0.3,id_test,10.0,0.911919686050779,0.00834965705871582,0.892,0.8957919045480788,0.8918598503660744,0.8957528957528957,0.9460517031239977,0.9076563494516418,,,,
classical_ext,svc,10,matern25_med_x0.3__svc__d10,matern25_med_x0.3,ood_test,10.0,0.911919686050779,0.00834965705871582,0.922,0.9221070148489503,0.9219971918989084,0.9224652087475149,0.9723502304147466,0.9696794597790427,,,,
classical_ext,gpc,10,matern25_med_x0.3__gpc__d10,matern25_med_x0.3,id_val,,,0.9133009910583496,0.9,0.9045801526717557,0.8997288668559785,0.9049429657794676,0.9624093912374111,0.9517355163974396,0.2687730481432134,0.07858614380789088,0.09302624769907068,0.3829079063425068
classical_ext,gpc,10,matern25_med_x0.3__gpc__d10,matern25_med_x0.3,id_test,,,0.9133009910583496,0.88,0.8851112964269677,0.8795064584538268,0.8872180451127819,0.9557380203989992,0.9487611757127152,0.278577158372756,0.08426787541745662,0.06508983719173306,0.369720289399998
classical_ext,gpc,10,matern25_med_x0.3__gpc__d10,matern25_med_x0.3,ood_test,,,0.9133009910583496,0.9,0.9006976446492576,0.8993558776167472,0.9074074074074074,0.9606694828469021,0.949809013863934,0.27365376205640163,0.07753165109723853,0.1066514859698137,0.39990286626073374
classical_ext,svc,10,matern25_med_x3__svc__d10,matern25_med_x3,id_val,10.0,0.8971699048374306,0.011100530624389648,0.892,0.8969465648854962,0.8916097952629466,0.8981132075471698,0.9492590929501572,0.9183528412782866,,,,
classical_ext,svc,10,matern25_med_x3__svc__d10,matern25_med_x3,id_test,10.0,0.8971699048374306,0.011100530624389648,0.872,0.8774777086407082,0.8713329902213072,0.8805970149253731,0.9373917505933671,0.9001822170795595,,,,
classical_ext,svc,10,matern25_med_x3__svc__d10,matern25_med_x3,ood_test,10.0,0.8971699048374306,0.011100530624389648,0.904,0.9046979006656426,0.9033816425120773,0.9111111111111111,0.9344918074756783,0.8607599227188154,,,,
classical_ext,gpc,10,matern25_med_x3__gpc__d10,matern25_med_x3,id_val,,,0.6909375190734863,0.884,0.8862338828661236,0.8839981439703035,0.8844621513944223,0.9578548976842645,0.9509297764742756,0.3743908174384353,0.108630268561727,0.15439833947542292,0.5383618317251374
classical_ext,gpc,10,matern25_med_x3__gpc__d10,matern25_med_x3,id_test,,,0.6909375190734863,0.872,0.8751683879658734,0.8719262295081966,0.875,0.9514401180319455,0.945180578220221,0.38847777410163753,0.11511132385481475,0.16684231091756158,0.5371777187019855
classical_ext,gpc,10,matern25_med_x3__gpc__d10,matern25_med_x3,ood_test,,,0.6909375190734863,0.67,0.6695788530465949,0.668886132951248,0.6496815286624203,0.8342613927291347,0.7501167426834168,0.4801421255597826,0.15905995434019032,0.20942967788935238,0.5373847240286018
classical_ext,svc,10,matern25_med_x10__svc__d10,matern25_med_x10,id_val,100.0,0.8509170914079082,0.009765625,0.888,0.8900506767592533,0.888,0.888,0.9364936814420425,0.901342199857664,,,,
classical_ext,svc,10,matern25_med_x10__svc__d10,matern25_med_x10,id_test,100.0,0.8509170914079082,0.009765625,0.876,0.8793700686381423,0.8759027077228547,0.8793774319066148,0.9310411187375713,0.895776874215595,,,,
classical_ext,svc,10,matern25_med_x10__svc__d10,matern25_med_x10,ood_test,100.0,0.8509170914079082,0.009765625,0.758,0.7575204813108039,0.7569412360241211,0.7408993576017131,0.8836885560675882,0.803990727060901,,,,
classical_ext,gpc,10,matern25_med_x10__gpc__d10,matern25_med_x10,id_val,,,0.4538130760192871,0.748,0.7564628904997113,0.7429620563035495,0.7789473684210526,0.9443197126178715,0.9449824677451886,0.5665801130959903,0.18790516269841637,0.30499113048487314,0.6741360241893085
classical_ext,gpc,10,matern25_med_x10__gpc__d10,matern25_med_x10,id_test,,,0.4538130760192871,0.736,0.7457822823786002,0.7283324552160169,0.773972602739726,0.9370710116107511,0.9362131773107493,0.5699346704550958,0.18959814226605112,0.2924026447080606,0.673730370470818
classical_ext,gpc,10,matern25_med_x10__gpc__d10,matern25_med_x10,ood_test,,,0.4538130760192871,0.67,0.6695788530465949,0.668886132951248,0.6496815286624203,0.8154761904761905,0.7189376174059082,0.6133777407657376,0.2108102221273997,0.22540549329615342,0.6754323527274123
quantum,svc,10,zz_r1_full__as0.5__svc__d10,zz_r1_full__as0.5,id_val,1.0,0.8992315920867242,0.013243675231933594,0.86,0.8614086856116493,0.8599798370965419,0.8582995951417004,0.9481685804092629,0.9416225970388999,,,,
quantum,svc,10,zz_r1_full__as0.5__svc__d10,zz_r1_full__as0.5,id_test,1.0,0.8992315920867242,0.013243675231933594,0.876,0.878600295079864,0.8759821414283657,0.8774703557312253,0.9551606902302905,0.9496532537865287,,,,
quantum,svc,10,zz_r1_full__as0.5__svc__d10,zz_r1_full__as0.5,ood_test,1.0,0.8992315920867242,0.013243675231933594,0.918,0.91794674859191,0.9179839248492705,0.9168356997971603,0.9728622631848438,0.9662033260512677,,,,
quantum,gpc,10,zz_r1_full__as0.5__gpc__d10,zz_r1_full__as0.5,id_val,,,0.577998161315918,0.876,0.8778305215215857,0.8759980159682554,0.8755020080321285,0.9544550644685356,0.9446560694506003,0.34538497552687497,0.10304399269886805,0.12977809142303012,0.4843141123541714
quantum,gpc,10,zz_r1_full__as0.5__gpc__d10,zz_r1_full__as0.5,id_test,,,0.577998161315918,0.88,0.8828019757521329,0.8799692721336663,0.8818897637795275,0.9571492719225094,0.9515726219639775,0.3346430142216709,0.09905656037941463,0.10954996031577745,0.46997539154274437
quantum,gpc,10,zz_r1_full__as0.5__gpc__d10,zz_r1_full__as0.5,ood_test,,,0.577998161315918,0.866,0.8658154121863799,0.865879291362226,0.8618556701030928,0.958829365079365,0.9515286475210101,0.3556126589509506,0.10481039499997732,0.18487762260630589,0.5119259488955742
quantum,svc,10,zz_r2_full__as0.5__svc__d10,zz_r2_full__as0.5,id_val,1.0,0.852233660935868,0.009000778198242188,0.832,0.8277631663352364,0.8292016396642592,0.8073394495412844,0.9393161844890627,0.9355651647784945,,,,
quantum,svc,10,zz_r2_full__as0.5__svc__d10,zz_r2_full__as0.5,id_test,1.0,0.852233660935868,0.009000778198242188,0.864,0.8640708191673616,0.8637820512820513,0.8583333333333333,0.9562512027711849,0.9524210314182774,,,,
quantum,svc,10,zz_r2_full__as0.5__svc__d10,zz_r2_full__as0.5,ood_test,1.0,0.852233660935868,0.009000778198242188,0.812,0.8108358934971838,0.8075537211740043,0.7783018867924528,0.9680619559651819,0.9620461402899585,,,,
quantum,gpc,10,zz_r2_full__as0.5__gpc__d10,zz_r2_full__as0.5,id_val,,,0.46489739418029785,0.86,0.8583295913785361,0.8591866621606399,0.8484848484848485,0.9446404516004876,0.9368333938003044,0.43263216436264357,0.1399712657576525,0.14928035190847422,0.5398514603067751
quantum,gpc,10,zz_r2_full__as0.5__gpc__d10,zz_r2_full__as0.5,id_test,,,0.46489739418029785,0.872,0.8732439540701777,0.871967223609244,0.8699186991869918,0.9564436461607544,0.951094398756382,0.409108511113897,0.12954470718261996,0.15358197932872825,0.5278678710105129
quantum,gpc,10,zz_r2_full__as0.5__gpc__d10,zz_r2_full__as0.5,ood_test,,,0.46489739418029785,0.836,0.8352214541730671,0.8342067805383022,0.8169642857142857,0.9660618279569892,0.9580275507393039,0.43745541607500954,0.1383131395404417,0.2525133600567917,0.5691211072416842
quantum,svc,10,pauli_xz_r1_full__as0.5__svc__d10,pauli_xz_r1_full__as0.5,id_val,100.0,0.9044584276489867,0.012586116790771484,0.9,0.9011161716595035,0.8999599839935974,0.8979591836734694,0.9661941112322792,0.9602494223573281,,,,
quantum,svc,10,pauli_xz_r1_full__as0.5__svc__d10,pauli_xz_r1_full__as0.5,id_test,100.0,0.9044584276489867,0.012586116790771484,0.884,0.88777342998268,0.8838494689117096,0.888030888030888,0.9593302970042978,0.9518657391450067,,,,
quantum,svc,10,pauli_xz_r1_full__as0.5__svc__d10,pauli_xz_r1_full__as0.5,ood_test,100.0,0.9044584276489867,0.012586116790771484,0.926,0.9261392729134665,0.925992599259926,0.9267326732673268,0.9550531233998976,0.9405394875017562,,,,
quantum,gpc,10,pauli_xz_r1_full__as0.5__gpc__d10,pauli_xz_r1_full__as0.5,id_val,,,0.5528390407562256,0.892,0.8969465648854962,0.8916097952629466,0.8981132075471698,0.9638847905574444,0.9544804605619462,0.2581778281851053,0.07526585972970277,0.07605859227672736,0.37058945502789364
quantum,gpc,10,pauli_xz_r1_full__as0.5__gpc__d10,pauli_xz_r1_full__as0.5,id_test,,,0.5528390407562256,0.876,0.8812945025338379,0.8754239603928566,0.8838951310861424,0.9571492719225094,0.9498890706232586,0.2738482325629989,0.08274845676450761,0.057792315749335466,0.36325642770792976
quantum,gpc,10,pauli_xz_r1_full__as0.5__gpc__d10,pauli_xz_r1_full__as0.5,ood_test,,,0.5528390407562256,0.9,0.9006976446492576,0.8993558776167472,0.9074074074074074,0.9187628008192524,0.8754035124076375,0.3034897722823507,0.09044494901733499,0.09593794131858503,0.3807629394508096
quantum,svc,10,zmap_r2__as0.5__svc__d10,zmap_r2__as0.5,id_val,100.0,0.9087652765694253,0.012000322341918945,0.9,0.899961511322086,0.899806024463361,0.895397489539749,0.9611905831034705,0.950214443491235,,,,
quantum,svc,10,zmap_r2__as0.5__svc__d10,zmap_r2__as0.5,id_test,100.0,0.9087652765694253,0.012000322341918945,0.888,0.8915902238758099,0.8878851944391057,0.8914728682170543,0.9443197126178716,0.914811626163823,,,,
quantum,svc,10,zmap_r2__as0.5__svc__d10,zmap_r2__as0.5,ood_test,100.0,0.9087652765694253,0.012000322341918945,0.922,0.9220750128008193,0.921999687998752,0.9221556886227545,0.956573220686124,0.947921831058716,,,,
quantum,gpc,10,zmap_r2__as0.5__gpc__d10,zmap_r2__as0.5,id_val,,,0.6334011554718018,0.892,0.8969465648854962,0.8916097952629466,0.8981132075471698,0.9643979729296298,0.9551607495750303,0.2572590711237043,0.07566782855408118,0.07246832497057516,0.36497871074705324
quantum,gpc,10,zmap_r2__as0.5__gpc__d10,zmap_r2__as0.5,id_test,,,0.6334011554718018,0.88,0.8851112964269677,0.8795064584538268,0.8872180451127819,0.9601000705625762,0.9526129991301876,0.26860276130269617,0.0813884090206908,0.05956998718836369,0.3562220235340751
quantum,gpc,10,zmap_r2__as0.5__gpc__d10,zmap_r2__as0.5,ood_test,,,0.6334011554718018,0.9,0.9006976446492576,0.8993558776167472,0.9074074074074074,0.9358038914490527,0.9044176644545321,0.28864033862114286,0.0849257365713995,0.06575697220685109,0.37577973310586893
quantum,svc,10,zz_r1_full__svc__d10,zz_r1_full,id_val,1.0,0.885173218396557,0.01199197769165039,0.86,0.860638912053371,0.8598901538806425,0.8559670781893004,0.9456668163448585,0.9359530076184873,,,,
quantum,svc,10,zz_r1_full__svc__d10,zz_r1_full,id_test,1.0,0.885173218396557,0.01199197769165039,0.86,0.8617935723907884,0.8599977599641595,0.8594377510040161,0.9520815959971775,0.9409581901889806,,,,
quantum,svc,10,zz_r1_full__svc__d10,zz_r1_full,ood_test,1.0,0.885173218396557,0.01199197769165039,0.908,0.9077700972862264,0.9078806132748041,0.9045643153526971,0.9728462621607784,0.9670144626262457,,,,
quantum,gpc,10,zz_r1_full__gpc__d10,zz_r1_full,id_val,,,0.6061317920684814,0.884,0.8862338828661236,0.8839981439703035,0.8844621513944223,0.953300404131118,0.9431379243785991,0.3940174092325086,0.12172108628507582,0.16353305949416508,0.5278219407182062
quantum,gpc,10,zz_r1_full__gpc__d10,zz_r1_full,id_test,,,0.6061317920684814,0.88,0.8828019757521329,0.8799692721336663,0.8818897637795275,0.9558663159920456,0.9498383279306368,0.3801761122062972,0.11594010245916146,0.1431363462065084,0.5163132573753397
quantum,gpc,10,zz_r1_full__gpc__d10,zz_r1_full,ood_test,,,0.6061317920684814,0.878,0.8777841781874041,0.8778588047783238,0.8737060041407867,0.9595494111623144,0.9507874326318919,0.4015268226388947,0.12205554198799401,0.21480763916561238,0.5532920248421449
quantum,svc,10,zz_r2_full__svc__d10,zz_r2_full,id_val,10.0,0.8351288435232735,0.014995336532592773,0.84,0.8342420937840785,0.8357963875205254,0.8095238095238095,0.9285393546731668,0.9209483456094019,,,,
quantum,svc,10,zz_r2_full__svc__d10,zz_r2_full,id_test,10.0,0.8351288435232735,0.014995336532592773,0.856,0.853358137147989,0.8546605516439507,0.8407079646017699,0.9299506061966771,0.9114793376345349,,,,
quantum,svc,10,zz_r2_full__svc__d10,zz_r2_full,ood_test,10.0,0.8351288435232735,0.014995336532592773,0.778,0.7765616999487968,0.7700444580714395,0.7272727272727273,0.9530689964157706,0.9449958749565015,,,,
quantum,gpc,10,zz_r2_full__gpc__d10,zz_r2_full,id_val,,,0.6047482490539551,0.852,0.8476169093591635,0.8493755190438195,0.8294930875576036,0.9281544678940279,0.9281642916633968,0.4776072482133968,0.1589441599277062,0.15540910285756257,0.5690011888294592
quantum,gpc,10,zz_r2_full__gpc__d10,zz_r2_full,id_test,,,0.6047482490539551,0.836,0.8350439412406183,0.8354074668807707,0.825531914893617,0.9392520366925396,0.9354934370162418,0.4572151918898924,0.14914390171133124,0.18481214103765484,0.562298549024697
quantum,gpc,10,zz_r2_full__gpc__d10,zz_r2_full,ood_test,,,0.6047482490539551,0.792,0.7906746031746033,0.7856589339005128,0.748792270531401,0.9563812083973375,0.9484781517818242,0.48938758072137306,0.16137562036819877,0.16313913158567522,0.5939422457202379
quantum,svc,10,pauli_xz_r1_full__svc__d10,pauli_xz_r1_full,id_val,10.0,0.9073416395268563,0.008073806762695312,0.896,0.8965296042080955,0.8958933948363124,0.8925619834710744,0.9490666495605876,0.9144596380478189,,,,
quantum,svc,10,pauli_xz_r1_full__svc__d10,pauli_xz_r1_full,id_test,10.0,0.9073416395268563,0.008073806762695312,0.888,0.8915902238758099,0.8878851944391057,0.8914728682170543,0.9457951119379049,0.9067273560046508,,,,
quantum,svc,10,pauli_xz_r1_full__svc__d10,pauli_xz_r1_full,ood_test,10.0,0.9073416395268563,0.008073806762695312,0.924,0.9240911418330773,0.9239987839805437,0.9243027888446215,0.967149897593446,0.9634274928037746,,,,
quantum,gpc,10,pauli_xz_r1_full__gpc__d10,pauli_xz_r1_full,id_val,,,0.5876517295837402,0.908,0.911443966899737,0.9079278154072793,0.9105058365758755,0.963115016999166,0.9527637544011343,0.2662958568039735,0.07776128361882245,0.08030526353446449,0.37835427662582133
quantum,gpc,10,pauli_xz_r1_full__gpc__d10,pauli_xz_r1_full,id_test,,,0.5876517295837402,0.884,0.8889280903200976,0.88358089120835,0.8905660377358491,0.9547758034511514,0.9473390279101154,0.2786016663363172,0.0845137265680687,0.08196048499548783,0.3678095023848639
quantum,gpc,10,pauli_xz_r1_full__gpc__d10,pauli_xz_r1_full,ood_test,,,0.5876517295837402,0.902,0.9026497695852534,0.9014603971347097,0.9087523277467412,0.963597670250896,0.9504492389428134,0.260018675435761,0.07358481377236038,0.11086225513545861,0.37783604047895064
quantum,svc,10,zmap_r2__svc__d10,zmap_r2,id_val,100.0,0.9044490923241174,0.017788410186767578,0.88,0.880107768298159,0.8798076923076923,0.875,0.9355314644941947,0.8904273822996001,,,,
quantum,svc,10,zmap_r2__svc__d10,zmap_r2,id_test,100.0,0.9044490923241174,0.017788410186767578,0.888,0.8904355635383925,0.8879928315412187,0.8888888888888888,0.9560587593816153,0.9449037369173683,,,,
quantum,svc,10,zmap_r2__svc__d10,zmap_r2,ood_test,100.0,0.9044490923241174,0.017788410186767578,0.916,0.9159306195596518,0.9159784904935664,0.9146341463414634,0.9528129800307219,0.9222874587864874,,,,
quantum,gpc,10,zmap_r2__gpc__d10,zmap_r2,id_val,,,0.6368598937988281,0.908,0.9122137404580153,0.9078215425062922,0.9118773946360154,0.9506703444736674,0.9370671051606674,0.29137647266916017,0.08540634580315737,0.09199811154863052,0.40668957342856865
quantum,gpc,10,zmap_r2__gpc__d10,zmap_r2,id_test,,,0.6368598937988281,0.884,0.8889280903200976,0.88358089120835,0.8905660377358491,0.9509269356597602,0.9440562626060351,0.2987873174195992,0.09047266552934961,0.08153542731063043,0.39020002536288323
quantum,gpc,10,zmap_r2__gpc__d10,zmap_r2,ood_test,,,0.6368598937988281,0.934,0.9343317972350231,0.9339236156997489,0.9361702127659575,0.9670538914490527,0.9599074150834805,0.2641834930590096,0.07246348972508605,0.10986860724038403,0.4093157353047219
quantum,svc,10,zz_r1_full__as2__svc__d10,zz_r1_full__as2,id_val,10.0,0.8591033773344728,0.013283252716064453,0.872,0.8693950862787863,0.8708093792390672,0.8584070796460177,0.9527230739624094,0.9480864826884391,,,,
quantum,svc,10,zz_r1_full__as2__svc__d10,zz_r1_full__as2,id_test,10.0,0.8591033773344728,0.013283252716064453,0.864,0.8644557059465008,0.8638605932474854,0.859504132231405,0.9469497722753224,0.9220159973908526,,,,
quantum,svc,10,zz_r1_full__as2__svc__d10,zz_r1_full__as2,ood_test,10.0,0.8591033773344728,0.013283252716064453,0.822,0.8210125448028673,0.8189400874783848,0.7954022988505747,0.9649737583205324,0.9570569496152891,,,,
quantum,gpc,10,zz_r1_full__as2__gpc__d10,zz_r1_full__as2,id_val,,,0.5112154483795166,0.892,0.8923279235358266,0.8918598503660744,0.8879668049792531,0.956315350567708,0.9470271898478881,0.443648329266994,0.14271097970905045,0.17996590802120982,0.5611606508480479
quantum,gpc,10,zz_r1_full__as2__gpc__d10,zz_r1_full__as2,id_test,,,0.5112154483795166,0.868,0.8705818205144653,0.8679809892624537,0.8695652173913043,0.9581756366668805,0.9510359057290129,0.42784517290562635,0.13537072084973317,0.18030300770501,0.5541632599750987
quantum,gpc,10,zz_r1_full__as2__gpc__d10,zz_r1_full__as2,ood_test,,,0.5112154483795166,0.828,0.8275409626216077,0.8272925904504852,0.8162393162393162,0.950620839733743,0.9415811847283933,0.457517261545518,0.14601033525176144,0.24785339627108974,0.5862614457404207
quantum,svc,10,zz_r2_full__as2__svc__d10,zz_r2_full__as2,id_val,100.0,0.8078799605542424,0.012002944946289062,0.792,0.7834370389377125,0.7818206229860365,0.7346938775510204,0.9148758740137277,0.9207159499232196,,,,
quantum,svc,10,zz_r2_full__as2__svc__d10,zz_r2_full__as2,id_test,100.0,0.8078799605542424,0.012002944946289062,0.844,0.8376740008980692,0.8392442004253846,0.8115942028985508,0.924818782474822,0.9233706883502605,,,,
quantum,svc,10,zz_r2_full__as2__svc__d10,zz_r2_full__as2,ood_test,100.0,0.8078799605542424,0.012002944946289062,0.754,0.7522721454173067,0.7412476491402269,0.6838046272493573,0.9290354582693293,0.9293366696845763,,,,
quantum,gpc,10,zz_r2_full__as2__gpc__d10,zz_r2_full__as2,id_val,,,0.48578572273254395,0.828,0.8227917121046893,0.8241481408777871,0.7981220657276995,0.9066008082622362,0.9102889506927356,0.5061517375192246,0.17006743655761003,0.1173353407874673,0.5933017150477938
quantum,gpc,10,zz_r2_full__as2__gpc__d10,zz_r2_full__as2,id_test,,,0.48578572273254395,0.856,0.8541279107062673,0.855072463768116,0.8434782608695652,0.9323240746680351,0.931327187244748,0.49056849010097925,0.16189718840400003,0.165740538446656,0.5925066521361007
quantum,gpc,10,zz_r2_full__as2__gpc__d10,zz_r2_full__as2,ood_test,,,0.48578572273254395,0.766,0.7646889400921659,0.7590361445783133,0.7180722891566265,0.9246351766513058,0.9224464635269918,0.5205892204089819,0.1744204043034121,0.13168067254635102,0.613851291587551
quantum,svc,10,pauli_xz_r1_full__as2__svc__d10,pauli_xz_r1_full__as2,id_val,1.0,0.8953267876986724,0.008914709091186523,0.872,0.8728590672910386,0.8719262295081966,0.8688524590163934,0.9473988068509847,0.9214550071634542,,,,
quantum,svc,10,pauli_xz_r1_full__as2__svc__d10,pauli_xz_r1_full__as2,id_test,1.0,0.8953267876986724,0.008914709091186523,0.868,0.8709667072936045,0.8679471788715487,0.8705882352941177,0.948874206171018,0.9249641514660591,,,,
quantum,svc,10,pauli_xz_r1_full__as2__svc__d10,pauli_xz_r1_full__as2,ood_test,1.0,0.8953267876986724,0.008914709091186523,0.922,0.9220430107526881,0.921999687998752,0.9218436873747495,0.9684939836149513,0.9488631300776357,,,,
quantum,gpc,10,pauli_xz_r1_full__as2__gpc__d10,pauli_xz_r1_full__as2,id_val,,,0.6066429615020752,0.88,0.883186862531272,0.8799308401639344,0.8828125,0.9547758034511514,0.9458350430381658,0.3226296591310187,0.09633760763276723,0.10534055419534456,0.447326133186771
quantum,gpc,10,pauli_xz_r1_full__as2__gpc__d10,pauli_xz_r1_full__as2,id_test,,,0.6066429615020752,0.872,0.8763230483032908,0.8717044069536212,0.8778625954198473,0.957341715312079,0.9546431025113362,0.3217069488416348,0.09791263698709066,0.09675180094909375,0.42847694809970743
quantum,gpc,10,pauli_xz_r1_full__as2__gpc__d10,pauli_xz_r1_full__as2,ood_test,,,0.6066429615020752,0.936,0.9362519201228878,0.9359631147540983,0.9375,0.9667818740399385,0.9600825229979854,0.30517161002583815,0.08481679979011457,0.16666083193581196,0.4702744746294914
quantum,svc,10,zmap_r2__as2__svc__d10,zmap_r2__as2,id_val,1.0,0.8897792708950876,0.007999897003173828,0.868,0.8694271601770479,0.8679809892624537,0.8663967611336032,0.9501571621014819,0.9347133518663937,,,,
quantum,svc,10,zmap_r2__as2__svc__d10,zmap_r2__as2,id_test,1.0,0.8897792708950876,0.007999897003173828,0.876,0.8789851818590031,0.8759503801520608,0.8784313725490196,0.9484893193918789,0.9127289709824167,,,,
quantum,svc,10,zmap_r2__as2__svc__d10,zmap_r2__as2,ood_test,1.0,0.8897792708950876,0.007999897003173828,0.908,0.9078661034306196,0.9079469774590163,0.9057377049180327,0.9726062467997951,0.9673620877698309,,,,
quantum,gpc,10,zmap_r2__as2__gpc__d10,zmap_r2__as2,id_val,,,0.664334774017334,0.872,0.8732439540701777,0.871967223609244,0.8699186991869918,0.9449611905831035,0.9350349592787884,0.34208227426294796,0.10466117248688857,0.10478791743117148,0.4576887620189999
quantum,gpc,10,zmap_r2__as2__gpc__d10,zmap_r2__as2,id_test,,,0.664334774017334,0.86,0.8633331195073449,0.8598901538806425,0.8638132295719845,0.954262621078966,0.9512217109071748,0.32649601705329484,0.09941079797242866,0.10876361401956053,0.43722986558906474
quantum,gpc,10,zmap_r2__as2__gpc__d10,zmap_r2__as2,ood_test,,,0.664334774017334,0.898,0.8978814644137225,0.8979506080943176,0.8957055214723927,0.9594054019457244,0.953293824918298,0.3206320841878711,0.09300224648235539,0.1528167004309733,0.46795667105215294
classical_ext,svc,12,linear__svc__d12,linear,id_val,100.0,0.865880991610398,0.01659560203552246,0.876,0.8793700686381423,0.8759027077228547,0.8793774319066148,0.9275129899287959,0.8749118555953675,,,,
classical_ext,svc,12,linear__svc__d12,linear,id_test,100.0,0.865880991610398,0.01659560203552246,0.868,0.8709667072936045,0.8679471788715487,0.8705882352941177,0.8731798062736544,0.7521615259041572,,,,
classical_ext,svc,12,linear__svc__d12,linear,ood_test,100.0,0.865880991610398,0.01659560203552246,0.76,0.759536610343062,0.7590129169076538,0.7435897435897436,0.862615207373272,0.8333052583801002,,,,
classical_ext,gpc,12,linear__gpc__d12,linear,id_val,,,0.4882645606994629,0.884,0.8866187696452628,0.8839832935942775,0.8853754940711462,0.9484251715953557,0.9413359935067418,0.387895719535317,0.11467574534889102,0.16893729901930576,0.5474961002441576
classical_ext,gpc,12,linear__gpc__d12,linear,id_test,,,0.4882645606994629,0.868,0.8713515940727437,0.8678964308017485,0.8715953307392996,0.9272563987427032,0.9170410988646954,0.41432635946578933,0.12598906229711587,0.12754592929150374,0.5439427062291577
classical_ext,gpc,12,linear__gpc__d12,linear,ood_test,,,0.4882645606994629,0.698,0.6976446492575525,0.6972431077694236,0.6821052631578948,0.827012928827445,0.7283943953732569,0.5354620352161404,0.18384624618308748,0.2013541044591149,0.5130264895781312
classical_ext,svc,12,rbf_gscale__svc__d12,rbf_gscale,id_val,100.0,0.9121186872672584,0.012000083923339844,0.912,0.9141061004554494,0.912,0.912,0.9686317275001604,0.9609071678831157,,,,
classical_ext,svc,12,rbf_gscale__svc__d12,rbf_gscale,id_test,100.0,0.9121186872672584,0.012000083923339844,0.9,0.9034254923343383,0.8999215384861732,0.9027237354085603,0.9570209763294631,0.9332360146416618,,,,
classical_ext,svc,12,rbf_gscale__svc__d12,rbf_gscale,ood_test,100.0,0.9121186872672584,0.012000083923339844,0.93,0.9301395289298515,0.9299929992999301,0.9306930693069307,0.9557091653865848,0.9303234091973803,,,,
classical_ext,gpc,12,rbf_gscale__gpc__d12,rbf_gscale,id_val,,,0.5828804969787598,0.9,0.9041952658926167,0.899806024463361,0.9042145593869731,0.9692732054653923,0.9614263399225739,0.26026431480371737,0.07327602773100787,0.08820395980675955,0.39472685834125615
classical_ext,gpc,12,rbf_gscale__gpc__d12,rbf_gscale,id_test,,,0.5828804969787598,0.88,0.8847264096478286,0.8796224961479199,0.8863636363636364,0.9593302970042978,0.9543282562542901,0.27993370669006085,0.08252301399456226,0.09430284244953845,0.3896461567767483
classical_ext,gpc,12,rbf_gscale__gpc__d12,rbf_gscale,ood_test,,,0.5828804969787598,0.902,0.9027137736815156,0.9013365872124163,0.9094269870609981,0.9082821300563235,0.8611812920459455,0.32298196348681746,0.09730242868380683,0.12027412758694413,0.3974292731534787
classical_ext,svc,12,poly2__svc__d12,poly2,id_val,10.0,0.8971699048374306,0.008239507675170898,0.892,0.8969465648854962,0.8916097952629466,0.8981132075471698,0.948168580409263,0.8950102343370856,,,,
classical_ext,svc,12,poly2__svc__d12,poly2,id_test,10.0,0.8971699048374306,0.008239507675170898,0.872,0.8774777086407082,0.8713329902213072,0.8805970149253731,0.9269998075566104,0.8852113030063773,,,,
classical_ext,svc,12,poly2__svc__d12,poly2,ood_test,10.0,0.8971699048374306,0.008239507675170898,0.904,0.9046979006656426,0.9033816425120773,0.9111111111111111,0.9229070660522274,0.855963664464694,,,,
classical_ext,gpc,12,poly2__gpc__d12,poly2,id_val,,,0.608489990234375,0.892,0.8946372442106614,0.8919844457601894,0.8932806324110671,0.9628584258130732,0.9565788240357846,0.34430036877503756,0.09808167768423177,0.15342414787302772,0.5088961500491354
classical_ext,gpc,12,poly2__gpc__d12,poly2,id_test,,,0.608489990234375,0.872,0.8751683879658734,0.8719262295081966,0.875,0.9460517031239977,0.9375699417658604,0.36800258555331095,0.10837027429110448,0.12538790161151808,0.5059362409145908
classical_ext,gpc,12,poly2__gpc__d12,poly2,ood_test,,,0.608489990234375,0.708,0.7078533026113671,0.7078317110655737,0.7008196721311475,0.8478302611367128,0.7955675812180483,0.46284240343302097,0.15527927263780972,0.16133607190598953,0.49568301797115166
classical_ext,svc,12,poly3__svc__d12,poly3,id_val,100.0,0.8989005088554057,0.010996580123901367,0.916,0.9190775546859965,0.9159663865546218,0.9176470588235294,0.9690807620758228,0.9560126235941875,,,,
classical_ext,svc,12,poly3__svc__d12,poly3,id_test,100.0,0.8989005088554057,0.010996580123901367,0.888,0.8927448842132273,0.8876476630713919,0.8939393939393939,0.9567002373468472,0.9270776352012098,,,,
classical_ext,svc,12,poly3__svc__d12,poly3,ood_test,100.0,0.8989005088554057,0.010996580123901367,0.898,0.8985535074244753,0.8976063989977474,0.903954802259887,0.9583333333333334,0.9384995689618393,,,,
classical_ext,gpc,12,poly3__gpc__d12,poly3,id_val,,,0.7272815704345703,0.9,0.90265571877606,0.8999855979261013,0.9011857707509882,0.96279427801655,0.9562322568202559,0.32070497879964294,0.09019551849309568,0.13989344892241753,0.4816319072884794
classical_ext,gpc,12,poly3__gpc__d12,poly3,id_test,,,0.7272815704345703,0.876,0.8793700686381423,0.8759027077228547,0.8793774319066148,0.9509910834562832,0.9446586005104385,0.34574057523945306,0.10111105236323624,0.12661564761711225,0.47778912001457413
classical_ext,gpc,12,poly3__gpc__d12,poly3,ood_test,,,0.7272815704345703,0.73,0.7299987199180747,0.7299902796500675,0.7283702213279678,0.8589989759344597,0.8099617134532229,0.43354625102608824,0.1438883249984558,0.12554289786782147,0.471424756274995
classical_ext,svc,12,laplacian_med__svc__d12,laplacian_med,id_val,10.0,0.9172095510959863,0.0060579776763916016,0.88,0.8797228815190199,0.8797228815190199,0.8739495798319328,0.9613830264930399,0.9559884415935774,,,,
classical_ext,svc,12,laplacian_med__svc__d12,laplacian_med,id_test,10.0,0.9172095510959863,0.0060579776763916016,0.896,0.8984540381037911,0.8959933435739887,0.8968253968253969,0.9568285329398936,0.9413943130993853,,,,
classical_ext,svc,12,laplacian_med__svc__d12,laplacian_med,ood_test,10.0,0.9172095510959863,0.0060579776763916016,0.942,0.9420442908346134,0.941999767999072,0.9418837675350702,0.9853270609318996,0.9806998626107523,,,,
classical_ext,gpc,12,laplacian_med__gpc__d12,laplacian_med,id_val,,,0.536292314529419,0.9,0.9045801526717557,0.8997288668559785,0.9049429657794676,0.9668997369940342,0.9588892784298756,0.27161070685827454,0.07677178209758194,0.09078877283571668,0.41116698139488483
classical_ext,gpc,12,laplacian_med__gpc__d12,laplacian_med,id_test,,,0.536292314529419,0.88,0.8851112964269677,0.8795064584538268,0.8872180451127819,0.9612547308999936,0.9566474404225088,0.281005599828023,0.08210556927140414,0.07448129951097002,0.3984970878473257
classical_ext,gpc,12,laplacian_med__gpc__d12,laplacian_med,ood_test,,,0.536292314529419,0.896,0.8966653865847414,0.8953958061764753,0.9033457249070632,0.9599494367639528,0.9539023370990046,0.282214986810136,0.08048728400213943,0.13001967865395728,0.41412395817685005
classical_ext,svc,12,matern15_med__svc__d12,matern15_med,id_val,100.0,0.9130414809225741,0.008999347686767578,0.896,0.8957598306498171,0.8957598306498171,0.8907563025210085,0.957662454294695,0.9291713292175499,,,,
classical_ext,svc,12,matern15_med__svc__d12,matern15_med,id_test,100.0,0.9130414809225741,0.008999347686767578,0.896,0.8992238116620694,0.8959400614754098,0.8984375,0.9507986400667137,0.915048852226586,,,,
classical_ext,svc,12,matern15_med__svc__d12,matern15_med,ood_test,100.0,0.9130414809225741,0.008999347686767578,0.922,0.9221070148489503,0.9219971918989084,0.9224652087475149,0.9661578341013826,0.9472528477493628,,,,
classical_ext,gpc,12,matern15_med__gpc__d12,matern15_med,id_val,,,0.5228495597839355,0.904,0.9083969465648856,0.9037783052152158,0.9083969465648855,0.9674129193662198,0.9583898304011955,0.2660391037365548,0.07474275448724471,0.10596924768650849,0.4054516811252806
classical_ext,gpc,12,matern15_med__gpc__d12,matern15_med,id_test,,,0.5228495597839355,0.884,0.8889280903200976,0.88358089120835,0.8905660377358491,0.9572775675155558,0.9512568793707928,0.2823275074951168,0.08275256924997347,0.10043808010947995,0.3986352444387732
classical_ext,gpc,12,matern15_med__gpc__d12,matern15_med,ood_test,,,0.5228495597839355,0.9,0.9006976446492576,0.8993558776167472,0.9074074074074074,0.9117383512544803,0.8799717115081601,0.32367685325835194,0.09735057582223136,0.1563995134819884,0.41183236982969523
classical_ext,svc,12,matern25_med__svc__d12,matern25_med,id_val,100.0,0.9153144801475174,0.009752750396728516,0.904,0.9045480787734941,0.9039015952335191,0.9008264462809917,0.9596510359869139,0.9349653307485489,,,,
classical_ext,svc,12,matern25_med__svc__d12,matern25_med,id_test,100.0,0.9153144801475174,0.009752750396728516,0.9,0.9030406055551992,0.8999599839935974,0.9019607843137255,0.9450894861761499,0.9027480460794872,,,,
classical_ext,svc,12,matern25_med__svc__d12,matern25_med,ood_test,100.0,0.9153144801475174,0.009752750396728516,0.93,0.9301075268817205,0.9299974799092767,0.9304174950298211,0.9584933435739887,0.9360474398188221,,,,
classical_ext,gpc,12,matern25_med__gpc__d12,matern25_med,id_val,,,0.4700813293457031,0.904,0.9080120597857464,0.9038461538461539,0.9076923076923077,0.9672846237731734,0.9592310248032264,0.2687437480974085,0.07515676563930325,0.1005704625783188,0.41113749141143685
classical_ext,gpc,12,matern25_med__gpc__d12,matern25_med,id_test,,,0.4700813293457031,0.876,0.8805247289755597,0.8756637949014134,0.8821292775665399,0.9578548976842645,0.9527844405369353,0.28692410782042166,0.08386792773134391,0.10341637411461209,0.4058638595787852
classical_ext,gpc,12,matern25_med__gpc__d12,matern25_med,ood_test,,,0.4700813293457031,0.892,0.8926331285202254,0.891437210499228,0.8992537313432836,0.9066660266257041,0.8701372036852172,0.3359697462475897,0.10221549335933806,0.14524252738901877,0.4149267978184248
classical_ext,svc,12,rbf_gscale_x0.1__svc__d12,rbf_gscale_x0.1,id_val,100.0,0.8971699048374306,0.008501291275024414,0.892,0.8969465648854962,0.8916097952629466,0.8981132075471698,0.9704278658028097,0.962258660810219,,,,
classical_ext,svc,12,rbf_gscale_x0.1__svc__d12,rbf_gscale_x0.1,id_test,100.0,0.8971699048374306,0.008501291275024414,0.872,0.8774777086407082,0.8713329902213072,0.8805970149253731,0.9486817627814483,0.9084472266572838,,,,
classical_ext,svc,12,rbf_gscale_x0.1__svc__d12,rbf_gscale_x0.1,ood_test,100.0,0.8971699048374306,0.008501291275024414,0.904,0.9046658986175116,0.9034422826244388,0.9107806691449815,0.9480766769073221,0.9297478383069496,,,,
classical_ext,gpc,12,rbf_gscale_x0.1__gpc__d12,rbf_gscale_x0.1,id_val,,,0.40441131591796875,0.884,0.8862338828661236,0.8839981439703035,0.8844621513944223,0.961703765475656,0.9553050492564914,0.3706424371453046,0.10694142300769369,0.15235595221251855,0.5383200430724243
classical_ext,gpc,12,rbf_gscale_x0.1__gpc__d12,rbf_gscale_x0.1,id_test,,,0.40441131591796875,0.876,0.8793700686381423,0.8759027077228547,0.8793774319066148,0.9565077939572775,0.9524841948830292,0.3851599732511652,0.11358857158622589,0.17505523547103893,0.537490165069409
classical_ext,gpc,12,rbf_gscale_x0.1__gpc__d12,rbf_gscale_x0.1,ood_test,,,0.40441131591796875,0.688,0.6877240143369175,0.6875,0.675,0.8379256272401434,0.7772686193062599,0.47161231210120935,0.15497585473904985,0.16239103717883252,0.536847639545811
classical_ext,svc,12,rbf_gscale_x0.3__svc__d12,rbf_gscale_x0.3,id_val,100.0,0.9084035487708169,0.009000539779663086,0.912,0.9141061004554494,0.912,0.912,0.9668997369940342,0.9471336625122315,,,,
classical_ext,svc,12,rbf_gscale_x0.3__svc__d12,rbf_gscale_x0.3,id_test,100.0,0.9084035487708169,0.009000539779663086,0.884,0.8881583167618192,0.8837749883774988,0.8888888888888888,0.9507986400667137,0.9168826304803013,,,,
classical_ext,svc,12,rbf_gscale_x0.3__svc__d12,rbf_gscale_x0.3,ood_test,100.0,0.9084035487708169,0.009000539779663086,0.926,0.9262992831541219,0.9259333400060055,0.9281553398058252,0.9560451868919612,0.931242259708753,,,,
classical_ext,gpc,12,rbf_gscale_x0.3__gpc__d12,rbf_gscale_x0.3,id_val,,,0.6648900508880615,0.904,0.9068573994483289,0.903975417706933,0.905511811023622,0.9620245044582718,0.9547007597978141,0.30761218920564126,0.08632993588154031,0.11064149726990229,0.46146475301161405
classical_ext,gpc,12,rbf_gscale_x0.3__gpc__d12,rbf_gscale_x0.3,id_test,,,0.6648900508880615,0.884,0.8881583167618192,0.8837749883774988,0.8888888888888888,0.9574058631086022,0.9534356690509421,0.32678501079975014,0.09505321997614567,0.11546328685711849,0.45942593066678183
classical_ext,gpc,12,rbf_gscale_x0.3__gpc__d12,rbf_gscale_x0.3,ood_test,,,0.6648900508880615,0.798,0.7978750640040962,0.7979021846573742,0.7934560327198364,0.8762480798771122,0.8233839888039667,0.4060065607222771,0.13122548950934781,0.12000761144652092,0.4610376737023349
classical_ext,svc,12,rbf_gscale_x3__svc__d12,rbf_gscale_x3,id_val,10.0,0.913080225728797,0.013999223709106445,0.908,0.9099044197831805,0.9079985279764475,0.9076305220883534,0.9629225736095965,0.9427650804608181,,,,
classical_ext,svc,12,rbf_gscale_x3__svc__d12,rbf_gscale_x3,id_test,10.0,0.913080225728797,0.013999223709106445,0.9,0.9038103791134775,0.8998702318204392,0.9034749034749034,0.947847841426647,0.9143637325318237,,,,
classical_ext,svc,12,rbf_gscale_x3__svc__d12,rbf_gscale_x3,ood_test,10.0,0.913080225728797,0.013999223709106445,0.928,0.9281554019457245,0.927989630506793,0.9288537549407114,0.9563332053251408,0.9360100695699016,,,,
classical_ext,gpc,12,rbf_gscale_x3__gpc__d12,rbf_gscale_x3,id_val,,,0.7774350643157959,0.908,0.9122137404580153,0.9078215425062922,0.9118773946360154,0.9686317275001604,0.9600614994734736,0.2542679361178069,0.07289703488552073,0.08934701611363384,0.37562657534005783
classical_ext,gpc,12,rbf_gscale_x3__gpc__d12,rbf_gscale_x3,id_test,,,0.7774350643157959,0.888,0.8927448842132273,0.8876476630713919,0.8939393939393939,0.9594585925973442,0.9532194532103647,0.27011740587111716,0.08065076592002382,0.061885118650039365,0.36591315389737916
classical_ext,gpc,12,rbf_gscale_x3__gpc__d12,rbf_gscale_x3,ood_test,,,0.7774350643157959,0.902,0.9026817716333846,0.901400118319858,0.9090909090909091,0.9384120583717357,0.9068174554530998,0.28575845610455747,0.08259340032805941,0.06571980371622116,0.38308723971336345
classical_ext,svc,12,rbf_gscale_x10__svc__d12,rbf_gscale_x10,id_val,10.0,0.9071827866233455,0.010004520416259766,0.892,0.8919430367566874,0.8917905064204299,0.8870292887029289,0.9354673166976712,0.9007949406353867,,,,
classical_ext,svc,12,rbf_gscale_x10__svc__d12,rbf_gscale_x10,id_test,10.0,0.9071827866233455,0.010004520416259766,0.868,0.8705818205144653,0.8679809892624537,0.8695652173913043,0.9455385207518122,0.8959695280725298,,,,
classical_ext,svc,12,rbf_gscale_x10__svc__d12,rbf_gscale_x10,ood_test,10.0,0.9071827866233455,0.010004520416259766,0.918,0.9181067588325653,0.9179970478937242,0.9184890656063618,0.9608614951356886,0.9412512687691947,,,,
classical_ext,gpc,12,rbf_gscale_x10__gpc__d12,rbf_gscale_x10,id_val,,,0.7388255596160889,0.916,0.9183077811277183,0.9159986559784956,0.9163346613545816,0.9642696773365835,0.9531209248841053,0.2918484929283495,0.08476062735229781,0.10755576163876528,0.42117095160747087
classical_ext,gpc,12,rbf_gscale_x10__gpc__d12,rbf_gscale_x10,id_test,,,0.7388255596160889,0.88,0.8851112964269677,0.8795064584538268,0.8872180451127819,0.9579190454807877,0.9514107059029231,0.2959752858841273,0.08840918396215386,0.09321225261090978,0.40436006415485476
classical_ext,gpc,12,rbf_gscale_x10__gpc__d12,rbf_gscale_x10,ood_test,,,0.7388255596160889,0.91,0.9105542754736303,0.9096527049980123,0.9152542372881356,0.961965565796211,0.9536136279604659,0.29226291307482405,0.08268784490977768,0.1270202963930504,0.4304902609386037
classical_ext,svc,12,laplacian_med_x0.1__svc__d12,laplacian_med_x0.1,id_val,1.0,0.903817402007961,0.013000249862670898,0.876,0.875521200846751,0.8756637949014134,0.869198312236287,0.9564436461607544,0.9513292007493019,,,,
classical_ext,svc,12,laplacian_med_x0.1__svc__d12,laplacian_med_x0.1,id_test,1.0,0.903817402007961,0.013000249862670898,0.884,0.8866187696452628,0.8839832935942775,0.8853754940711462,0.9628584258130732,0.9582565090497833,,,,
classical_ext,svc,12,laplacian_med_x0.1__svc__d12,laplacian_med_x0.1,ood_test,1.0,0.903817402007961,0.013000249862670898,0.9,0.8997375832053252,0.8998397435897436,0.8958333333333334,0.9743343573988735,0.9693604638428864,,,,
classical_ext,gpc,12,laplacian_med_x0.1__gpc__d12,laplacian_med_x0.1,id_val,,,0.6649608612060547,0.904,0.9053178523317724,0.903975417706933,0.9024390243902439,0.9598434793764834,0.9528461229205055,0.3928979611511298,0.12116344000165193,0.1601085987954575,0.5312890018188361
classical_ext,gpc,12,laplacian_med_x0.1__gpc__d12,laplacian_med_x0.1,id_test,,,0.6649608612060547,0.888,0.8923599974340881,0.8877413560844185,0.8931297709923665,0.9621528000513182,0.957168914207139,0.3803311217151829,0.1162219237964239,0.16107934378793773,0.5190539925665996
classical_ext,gpc,12,laplacian_med_x0.1__gpc__d12,laplacian_med_x0.1,ood_test,,,0.6649608612060547,0.928,0.928347414234511,0.9279065669107163,0.9305019305019305,0.9622695852534562,0.955087556914606,0.39235891344831453,0.11826509728766621,0.20842539799690854,0.5491774227716721
classical_ext,svc,12,laplacian_med_x0.3__svc__d12,laplacian_med_x0.3,id_val,100.0,0.9124619128369378,0.012778759002685547,0.896,0.8957598306498171,0.8957598306498171,0.8907563025210085,0.9602283661556226,0.9502379019334531,,,,
classical_ext,svc,12,laplacian_med_x0.3__svc__d12,laplacian_med_x0.3,id_test,100.0,0.9124619128369378,0.012778759002685547,0.884,0.8866187696452628,0.8839832935942775,0.8853754940711462,0.9660658156392328,0.9615568319345638,,,,
classical_ext,svc,12,laplacian_med_x0.3__svc__d12,laplacian_med_x0.3,ood_test,100.0,0.9124619128369378,0.012778759002685547,0.934,0.9339797747055811,0.9339933993399341,0.9333333333333333,0.9832789298515106,0.9813661412060092,,,,
classical_ext,gpc,12,laplacian_med_x0.3__gpc__d12,laplacian_med_x0.3,id_val,,,0.7956452369689941,0.904,0.9068573994483289,0.903975417706933,0.905511811023622,0.964782859708769,0.9561737053306387,0.2867619768569584,0.08235557119637181,0.10725198228180731,0.42652276066685935
classical_ext,gpc,12,laplacian_med_x0.3__gpc__d12,laplacian_med_x0.3,id_test,,,0.7956452369689941,0.888,0.8927448842132273,0.8876476630713919,0.8939393939393939,0.9633074603887356,0.9587925458820397,0.2871875803642419,0.08388451012401264,0.09512561898904705,0.41157620477715345
classical_ext,gpc,12,laplacian_med_x0.3__gpc__d12,laplacian_med_x0.3,ood_test,,,0.7956452369689941,0.904,0.9046018945212494,0.9035540338525341,0.9101123595505618,0.9645737327188941,0.958136294551394,0.2830579521765775,0.07921768717384772,0.13664351652088869,0.43563506663337775
classical_ext,svc,12,laplacian_med_x3__svc__d12,laplacian_med_x3,id_val,10.0,0.9118997803151041,0.007510185241699219,0.892,0.8927128103149657,0.891915261565067,0.8888888888888888,0.9626659824235038,0.9550205287641911,,,,
classical_ext,svc,12,laplacian_med_x3__svc__d12,laplacian_med_x3,id_test,10.0,0.9118997803151041,0.007510185241699219,0.896,0.8999935852203477,0.8958333333333334,0.9,0.9536211431137341,0.9454450183088895,,,,
classical_ext,svc,12,laplacian_med_x3__svc__d12,laplacian_med_x3,ood_test,10.0,0.9118997803151041,0.007510185241699219,0.936,0.9362199180747568,0.9359743897559023,0.9372549019607843,0.979534690220174,0.9720254587157532,,,,
classical_ext,gpc,12,laplacian_med_x3__gpc__d12,laplacian_med_x3,id_val,,,0.6854066848754883,0.892,0.8969465648854962,0.8916097952629466,0.8981132075471698,0.9676695105523125,0.9608874646162637,0.29894380954712857,0.08221694848667772,0.12133612296614403,0.4660751208682204
classical_ext,gpc,12,laplacian_med_x3__gpc__d12,laplacian_med_x3,id_test,,,0.6854066848754883,0.88,0.8851112964269677,0.8795064584538268,0.8872180451127819,0.9605491051382385,0.9558719074548707,0.31064855382131074,0.08844449649670162,0.11123554594243393,0.4583584851123146
classical_ext,gpc,12,laplacian_med_x3__gpc__d12,laplacian_med_x3,ood_test,,,0.6854066848754883,0.886,0.8866167434715821,0.8854386493819717,0.8934579439252337,0.9243951612903226,0.9160199928153003,0.3364444548520714,0.0996745574999297,0.1273979622688029,0.4643649853222787
classical_ext,svc,12,laplacian_med_x10__svc__d12,laplacian_med_x10,id_val,100.0,0.9098470915490608,0.01051020622253418,0.892,0.8919430367566874,0.8917905064204299,0.8870292887029289,0.960420809545192,0.9530208319988235,,,,
classical_ext,svc,12,laplacian_med_x10__svc__d12,laplacian_med_x10,id_test,100.0,0.9098470915490608,0.01051020622253418,0.888,0.8900506767592533,0.888,0.888,0.9527230739624094,0.9411688608875322,,,,
classical_ext,svc,12,laplacian_med_x10__svc__d12,laplacian_med_x10,ood_test,100.0,0.9098470915490608,0.01051020622253418,0.944,0.9440284178187404,0.9439991039856638,0.9437751004016064,0.9801587301587302,0.9772102087705519,,,,
classical_ext,gpc,12,laplacian_med_x10__gpc__d12,laplacian_med_x10,id_val,,,0.5224347114562988,0.896,0.9003784719994868,0.8957598306498171,0.9007633587786259,0.9609981397139008,0.948394688625106,0.3697524462261572,0.10389141546558173,0.16905682504771785,0.5589824697302781
classical_ext,gpc,12,laplacian_med_x10__gpc__d12,laplacian_med_x10,id_test,,,0.5224347114562988,0.872,0.8767079350824298,0.8715973292244479,0.8787878787878788,0.9555455770094298,0.9479873764021651,0.37812862895543,0.10836655927475126,0.1755320275048371,0.555768292253789
classical_ext,gpc,12,laplacian_med_x10__gpc__d12,laplacian_med_x10,ood_test,,,0.5224347114562988,0.824,0.8242127496159755,0.8239295718287314,0.8274509803921568,0.8930171530977983,0.8600271206337399,0.4297419147675149,0.13316967288260542,0.20557151498369453,0.5549805261876102
classical_ext,svc,12,matern15_med_x0.1__svc__d12,matern15_med_x0.1,id_val,1.0,0.8962573447513019,0.010998725891113281,0.872,0.8705497466162038,0.8713329902213072,0.8620689655172413,0.9491307973571108,0.9458817506339313,,,,
classical_ext,svc,12,matern15_med_x0.1__svc__d12,matern15_med_x0.1,id_test,1.0,0.8962573447513019,0.010998725891113281,0.876,0.8778305215215857,0.8759980159682554,0.8755020080321285,0.9604849573417154,0.9559750217904324,,,,
classical_ext,svc,12,matern15_med_x0.1__svc__d12,matern15_med_x0.1,ood_test,1.0,0.8962573447513019,0.010998725891113281,0.888,0.8875768049155146,0.8875953432356484,0.8808510638297873,0.9702860983102919,0.9644502387537028,,,,
classical_ext,gpc,12,matern15_med_x0.1__gpc__d12,matern15_med_x0.1,id_val,,,0.6889348030090332,0.892,0.8927128103149657,0.891915261565067,0.8888888888888888,0.9572134197190326,0.9502871406935016,0.39292742816189036,0.12220861030917321,0.16801437983119716,0.5224875031848819
classical_ext,gpc,12,matern15_med_x0.1__gpc__d12,matern15_med_x0.1,id_test,,,0.6889348030090332,0.888,0.8915902238758099,0.8878851944391057,0.8914728682170543,0.9586246712425428,0.9529768149187847,0.3790410473554624,0.11678865136352895,0.14381175813280175,0.5089401217426525
classical_ext,gpc,12,matern15_med_x0.1__gpc__d12,matern15_med_x0.1,ood_test,,,0.6889348030090332,0.922,0.922363031233999,0.9218872051241993,0.9248554913294798,0.9576132872503841,0.9495463595444791,0.3919521895448966,0.11862306548097319,0.19852163243289586,0.5426288058948951
classical_ext,svc,12,matern15_med_x0.3__svc__d12,matern15_med_x0.3,id_val,10.0,0.9103771759968587,0.011005401611328125,0.88,0.8793379947398807,0.8796224961479199,0.8728813559322034,0.9504779010840978,0.9213105782301532,,,,
classical_ext,svc,12,matern15_med_x0.3__svc__d12,matern15_med_x0.3,id_test,10.0,0.9103771759968587,0.011005401611328125,0.876,0.878600295079864,0.8759821414283657,0.8774703557312253,0.9434857912630701,0.8929938006091789,,,,
classical_ext,svc,12,matern15_med_x0.3__svc__d12,matern15_med_x0.3,ood_test,10.0,0.9103771759968587,0.011005401611328125,0.93,0.9300755248335894,0.9299997199988801,0.9301397205588823,0.9789906554019456,0.9733703328563892,,,,
classical_ext,gpc,12,matern15_med_x0.3__gpc__d12,matern15_med_x0.3,id_val,,,0.7616627216339111,0.916,0.9194624414651357,0.9159340923283854,0.9182879377431906,0.9669638847905575,0.9582746829715785,0.27637317071841877,0.07971327139999931,0.09464356250030259,0.4048480208471191
classical_ext,gpc,12,matern15_med_x0.3__gpc__d12,matern15_med_x0.3,id_test,,,0.7616627216339111,0.884,0.8889280903200976,0.88358089120835,0.8905660377358491,0.9611905831034704,0.9559140475979078,0.2827132624821976,0.08402230422914582,0.07543208583912656,0.3904438335718494
classical_ext,gpc,12,matern15_med_x0.3__gpc__d12,matern15_med_x0.3,ood_test,,,0.7616627216339111,0.9,0.9006656426011265,0.8994190444004571,0.9070631970260223,0.9592613927291347,0.9512854359886848,0.2858889232830716,0.08149552741187444,0.11578806587306349,0.41664777361414396
classical_ext,svc,12,matern15_med_x3__svc__d12,matern15_med_x3,id_val,100.0,0.9012735420211524,0.008590459823608398,0.912,0.9141061004554494,0.912,0.912,0.9622169478478415,0.9371616716888684,,,,
classical_ext,svc,12,matern15_med_x3__svc__d12,matern15_med_x3,id_test,100.0,0.9012735420211524,0.008590459823608398,0.888,0.8923599974340881,0.8877413560844185,0.8931297709923665,0.9418179485534672,0.8992326766251594,,,,
classical_ext,svc,12,matern15_med_x3__svc__d12,matern15_med_x3,ood_test,100.0,0.9012735420211524,0.008590459823608398,0.934,0.9342037890424988,0.9339786090693385,0.9351669941060904,0.9510048643113159,0.9248821376168674,,,,
classical_ext,gpc,12,matern15_med_x3__gpc__d12,matern15_med_x3,id_val,,,0.6490218639373779,0.896,0.8984540381037911,0.8959933435739887,0.8968253968253969,0.9629867214061197,0.9562890806511709,0.3480396785408375,0.09819191487864187,0.1469021658132788,0.5220100423108982
classical_ext,gpc,12,matern15_med_x3__gpc__d12,matern15_med_x3,id_test,,,0.6490218639373779,0.876,0.8797549554172814,0.8758390874573447,0.8803088803088803,0.9563794983642311,0.9520799968195162,0.36261373467582314,0.10496318874431682,0.16592583200870598,0.5204754081535184
classical_ext,gpc,12,matern15_med_x3__gpc__d12,matern15_med_x3,ood_test,,,0.6490218639373779,0.748,0.747599846390169,0.7472072419106317,0.7330508474576272,0.8611271121351767,0.8177180387479485,0.44438955424378696,0.1436213392261605,0.15355471063381074,0.5213378161654385
classical_ext,svc,12,matern15_med_x10__svc__d12,matern15_med_x10,id_val,100.0,0.8971699048374306,0.01034092903137207,0.892,0.8969465648854962,0.8916097952629466,0.8981132075471698,0.9482327282057861,0.9026787526586514,,,,
classical_ext,svc,12,matern15_med_x10__svc__d12,matern15_med_x10,id_test,100.0,0.8971699048374306,0.01034092903137207,0.872,0.8774777086407082,0.8713329902213072,0.8805970149253731,0.9324523702610815,0.8737128603825448,,,,
classical_ext,svc,12,matern15_med_x10__svc__d12,matern15_med_x10,ood_test,100.0,0.8971699048374306,0.01034092903137207,0.904,0.9046979006656426,0.9033816425120773,0.9111111111111111,0.9314196108550947,0.874910072624804,,,,
classical_ext,gpc,12,matern15_med_x10__gpc__d12,matern15_med_x10,id_val,,,0.4448871612548828,0.884,0.8862338828661236,0.8839981439703035,0.8844621513944223,0.9465648854961832,0.946906716496758,0.5322708417387151,0.1719216349206261,0.28081936580881633,0.6623257333801802
classical_ext,gpc,12,matern15_med_x10__gpc__d12,matern15_med_x10,id_test,,,0.4448871612548828,0.868,0.8717364808518827,0.8678287060029799,0.8725868725868726,0.94207453973956,0.9426568296078385,0.5368451829791556,0.1742135045715264,0.2681212497080318,0.6618585160856985
classical_ext,gpc,12,matern15_med_x10__gpc__d12,matern15_med_x10,ood_test,,,0.4448871612548828,0.67,0.6695788530465949,0.668886132951248,0.6496815286624203,0.8321492575524834,0.7643127924978749,0.5869107153675709,0.1984421894512428,0.28949239925395365,0.6636928929307688
classical_ext,svc,12,matern25_med_x0.1__svc__d12,matern25_med_x0.1,id_val,1.0,0.8952850674581482,0.013085603713989258,0.868,0.8663480659439349,0.8672331386086033,0.8571428571428571,0.9472705112579383,0.9451622079106512,,,,
classical_ext,svc,12,matern25_med_x0.1__svc__d12,matern25_med_x0.1,id_test,1.0,0.8952850674581482,0.013085603713989258,0.876,0.8778305215215857,0.8759980159682554,0.8755020080321285,0.9600359227660531,0.9556486871410557,,,,
classical_ext,svc,12,matern25_med_x0.1__svc__d12,matern25_med_x0.1,ood_test,1.0,0.8952850674581482,0.013085603713989258,0.88,0.8795122887864824,0.8794425423156675,0.871244635193133,0.9695340501792116,0.9636744562922237,,,,
classical_ext,gpc,12,matern25_med_x0.1__gpc__d12,matern25_med_x0.1,id_val,,,0.798464298248291,0.896,0.8965296042080955,0.8958933948363124,0.8925619834710744,0.955609724805953,0.9488862617379874,0.39454063172109183,0.12314398766059226,0.17206390786326542,0.5209060678528841
classical_ext,gpc,12,matern25_med_x0.1__gpc__d12,matern25_med_x0.1,id_test,,,0.798464298248291,0.884,0.887388543203541,0.8839089846439608,0.8871595330739299,0.9583039322599268,0.9527477892130136,0.37934389419536285,0.1172564005223155,0.13964475684974886,0.5065416924435705
classical_ext,gpc,12,matern25_med_x0.1__gpc__d12,matern25_med_x0.1,ood_test,,,0.798464298248291,0.928,0.9283154121863799,0.9279261964251393,0.9302325581395349,0.9586693548387096,0.9505453606565881,0.3923539694535403,0.11893107462315032,0.20635710285173406,0.5418953322692951
classical_ext,svc,12,matern25_med_x0.3__svc__d12,matern25_med_x0.3,id_val,10.0,0.9132725302130892,0.010510683059692383,0.888,0.8877413560844185,0.8877413560844185,0.8823529411764706,0.9483610237988325,0.9116739699860515,,,,
classical_ext,svc,12,matern25_med_x0.3__svc__d12,matern25_med_x0.3,id_test,10.0,0.9132725302130892,0.010510683059692383,0.876,0.8789851818590031,0.8759503801520608,0.8784313725490196,0.9431009044839309,0.8941640428454029,,,,
classical_ext,svc,12,matern25_med_x0.3__svc__d12,matern25_med_x0.3,ood_test,10.0,0.9132725302130892,0.010510683059692383,0.926,0.9261072708653354,0.9259973359040925,0.9264413518886679,0.9699500768049156,0.9574761996740866,,,,
classical_ext,gpc,12,matern25_med_x0.3__gpc__d12,matern25_med_x0.3,id_val,,,0.9406969547271729,0.916,0.9194624414651357,0.9159340923283854,0.9182879377431906,0.9660016678427097,0.9561769025921398,0.27399351105922515,0.07902544041877348,0.0946600899281405,0.40035329774459577
classical_ext,gpc,12,matern25_med_x0.3__gpc__d12,matern25_med_x0.3,id_test,,,0.9406969547271729,0.884,0.8889280903200976,0.88358089120835,0.8905660377358491,0.9599076271730065,0.9541885751469315,0.28177332677230577,0.08399353429000786,0.08940216580003145,0.3858371341707011
classical_ext,gpc,12,matern25_med_x0.3__gpc__d12,matern25_med_x0.3,ood_test,,,0.9406969547271729,0.904,0.9046338965693804,0.9034997426659804,0.9104477611940298,0.9596934203789043,0.9503390941370954,0.28363933836786553,0.08063993847828439,0.12188053613222223,0.4110622351506633
classical_ext,svc,12,matern25_med_x3__svc__d12,matern25_med_x3,id_val,10.0,0.8971699048374306,0.009006261825561523,0.892,0.8969465648854962,0.8916097952629466,0.8981132075471698,0.9533004041311182,0.926156796518581,,,,
classical_ext,svc,12,matern25_med_x3__svc__d12,matern25_med_x3,id_test,10.0,0.8971699048374306,0.009006261825561523,0.872,0.8774777086407082,0.8713329902213072,0.8805970149253731,0.9317467444993264,0.8847906348221266,,,,
classical_ext,svc,12,matern25_med_x3__svc__d12,matern25_med_x3,ood_test,10.0,0.8971699048374306,0.009006261825561523,0.904,0.9046979006656426,0.9033816425120773,0.9111111111111111,0.9244431643625193,0.8688526510402476,,,,
classical_ext,gpc,12,matern25_med_x3__gpc__d12,matern25_med_x3,id_val,,,0.5813186168670654,0.892,0.8942523574315222,0.8919982719723516,0.8924302788844621,0.9624735390339342,0.9564752010175833,0.37409514487748663,0.10776646578122341,0.16438912923491142,0.5457381736788995
classical_ext,gpc,12,matern25_med_x3__gpc__d12,matern25_med_x3,id_test,,,0.5813186168670654,0.876,0.8793700686381423,0.8759027077228547,0.8793774319066148,0.9568926807364166,0.9529579208111935,0.3879399856852598,0.1141653545357931,0.17906593885893343,0.5448091352252645
classical_ext,gpc,12,matern25_med_x3__gpc__d12,matern25_med_x3,ood_test,,,0.5813186168670654,0.686,0.6857078853046594,0.6854451252008542,0.6722338204592901,0.8403577828981055,0.7833489502816544,0.47177171520945815,0.15424478183006318,0.17880627132434312,0.5444703698245807
classical_ext,svc,12,matern25_med_x10__svc__d12,matern25_med_x10,id_val,100.0,0.8628870069601102,0.010790586471557617,0.888,0.8900506767592533,0.888,0.888,0.9513118224388992,0.9305750585988631,,,,
classical_ext,svc,12,matern25_med_x10__svc__d12,matern25_med_x10,id_test,100.0,0.8628870069601102,0.010790586471557617,0.876,0.8793700686381423,0.8759027077228547,0.8793774319066148,0.9441914170248251,0.9306157633112989,,,,
classical_ext,svc,12,matern25_med_x10__svc__d12,matern25_med_x10,ood_test,100.0,0.8628870069601102,0.010790586471557617,0.794,0.7938108038914491,0.7938144329896908,0.7876288659793814,0.8893209165386584,0.8167384407817007,,,,
classical_ext,gpc,12,matern25_med_x10__gpc__d12,matern25_med_x10,id_val,,,0.6093313694000244,0.748,0.7564628904997113,0.7429620563035495,0.7789473684210526,0.946821476682276,0.9475086871546057,0.5725115661629959,0.19070860277502127,0.30987940337821696,0.6760752406292511
classical_ext,gpc,12,matern25_med_x10__gpc__d12,matern25_med_x10,id_test,,,0.6093313694000244,0.736,0.7457822823786002,0.7283324552160169,0.773972602739726,0.9408557316056194,0.9415539986017587,0.5755985157983903,0.19226444283949998,0.29727824107250855,0.6757219755250892
classical_ext,gpc,12,matern25_med_x10__gpc__d12,matern25_med_x10,ood_test,,,0.6093313694000244,0.67,0.6695788530465949,0.668886132951248,0.6496815286624203,0.8208205325140809,0.7436056851301465,0.6159891264766559,0.21201983518339804,0.17667511048119794,0.6773578976246809
quantum,svc,12,zz_r1_full__as0.5__svc__d12,zz_r1_full__as0.5,id_val,1.0,0.9046709747105728,0.01015782356262207,0.864,0.8644557059465008,0.8638605932474854,0.859504132231405,0.9465007376996599,0.9425664859512183,,,,
quantum,svc,12,zz_r1_full__as0.5__svc__d12,zz_r1_full__as0.5,id_test,1.0,0.9046709747105728,0.01015782356262207,0.884,0.887388543203541,0.8839089846439608,0.8871595330739299,0.9568285329398936,0.950016211810674,,,,
quantum,svc,12,zz_r1_full__as0.5__svc__d12,zz_r1_full__as0.5,ood_test,1.0,0.9046709747105728,0.01015782356262207,0.912,0.9119943676395289,0.9119943676395289,0.9112903225806451,0.9681259600614438,0.960089122924774,,,,
quantum,gpc,12,zz_r1_full__as0.5__gpc__d12,zz_r1_full__as0.5,id_val,,,0.4908583164215088,0.888,0.889280903200975,0.8879713206580885,0.8861788617886179,0.957020976329463,0.9487836932334456,0.37456721390770575,0.11377042773986765,0.1515992097581909,0.5181268049054397
quantum,gpc,12,zz_r1_full__as0.5__gpc__d12,zz_r1_full__as0.5,id_test,,,0.4908583164215088,0.888,0.8915902238758099,0.8878851944391057,0.8914728682170543,0.959009558021682,0.9524313160609943,0.36409312662917026,0.10937466549237095,0.1359624376181644,0.5080051493536373
quantum,gpc,12,zz_r1_full__as0.5__gpc__d12,zz_r1_full__as0.5,ood_test,,,0.4908583164215088,0.844,0.8439260112647209,0.8439600537737662,0.8414634146341463,0.9413562467997952,0.9320559043775946,0.38855436993107034,0.11793126438111852,0.1868907000729218,0.5354732751482518
quantum,svc,12,zz_r2_full__as0.5__svc__d12,zz_r2_full__as0.5,id_val,1.0,0.8377810061106278,0.012006759643554688,0.832,0.8258387324395406,0.8271206533192834,0.7980769230769231,0.9266790685739944,0.9304375667699776,,,,
quantum,svc,12,zz_r2_full__as0.5__svc__d12,zz_r2_full__as0.5,id_test,1.0,0.8377810061106278,0.012006759643554688,0.856,0.8541279107062673,0.855072463768116,0.8434782608695652,0.9482968760023093,0.9414962167034298,,,,
quantum,svc,12,zz_r2_full__as0.5__svc__d12,zz_r2_full__as0.5,ood_test,1.0,0.8377810061106278,0.012006759643554688,0.782,0.7805619559651817,0.7741878011692513,0.7321867321867321,0.9529089861751152,0.9458125795952725,,,,
quantum,gpc,12,zz_r2_full__as0.5__gpc__d12,zz_r2_full__as0.5,id_val,,,0.7356297969818115,0.876,0.8747514272884727,0.8754239603928566,0.8669527896995708,0.9307203797549554,0.9314838312957224,0.46792516512618487,0.15462702988385862,0.18017670373425046,0.5680100515599925
quantum,gpc,12,zz_r2_full__as0.5__gpc__d12,zz_r2_full__as0.5,id_test,,,0.7356297969818115,0.864,0.8663801398421964,0.8639912954429083,0.8650793650793651,0.9500288665084354,0.9434022055477383,0.45377808941047604,0.14729963575391442,0.18399656705280962,0.5644773186188856
quantum,gpc,12,zz_r2_full__as0.5__gpc__d12,zz_r2_full__as0.5,ood_test,,,0.7356297969818115,0.856,0.8558307731694829,0.8558870154200894,0.8518518518518519,0.9463485663082438,0.9360043511446182,0.4806706806165978,0.15700919989265108,0.21369228972648993,0.5915986149094051
quantum,svc,12,pauli_xz_r1_full__as0.5__svc__d12,pauli_xz_r1_full__as0.5,id_val,10.0,0.9116687310245887,0.009343862533569336,0.912,0.9141061004554494,0.912,0.912,0.9621528000513183,0.9377422061626535,,,,
quantum,svc,12,pauli_xz_r1_full__as0.5__svc__d12,pauli_xz_r1_full__as0.5,id_test,10.0,0.9116687310245887,0.009343862533569336,0.904,0.9080120597857464,0.9038461538461539,0.9076923076923077,0.9493873885432036,0.91290382495453,,,,
quantum,svc,12,pauli_xz_r1_full__as0.5__svc__d12,pauli_xz_r1_full__as0.5,ood_test,10.0,0.9116687310245887,0.009343862533569336,0.926,0.9262032770097286,0.9259760162292583,0.9273084479371316,0.9539970558115719,0.9357118306935713,,,,
quantum,gpc,12,pauli_xz_r1_full__as0.5__gpc__d12,pauli_xz_r1_full__as0.5,id_val,,,1.1935319900512695,0.908,0.9122137404580153,0.9078215425062922,0.9118773946360154,0.9688241708897299,0.9605735974287993,0.252679384071959,0.07226008109647306,0.08710625437528229,0.3752734302904569
quantum,gpc,12,pauli_xz_r1_full__as0.5__gpc__d12,pauli_xz_r1_full__as0.5,id_test,,,1.1935319900512695,0.888,0.8927448842132273,0.8876476630713919,0.8939393939393939,0.9601642183590994,0.9539986738887264,0.27069324904281017,0.08072425812546435,0.09302916460223748,0.36860522226173287
quantum,gpc,12,pauli_xz_r1_full__as0.5__gpc__d12,pauli_xz_r1_full__as0.5,ood_test,,,1.1935319900512695,0.9,0.9006656426011265,0.8994190444004571,0.9070631970260223,0.924171146953405,0.8821062854800263,0.29885415719273806,0.0879015045285719,0.09536835097284112,0.38092368886077543
quantum,svc,12,zmap_r2__as0.5__svc__d12,zmap_r2__as0.5,id_val,10.0,0.909965964560412,0.008875608444213867,0.908,0.9099044197831805,0.9079985279764475,0.9076305220883534,0.9640130861504908,0.9438862809483445,,,,
quantum,svc,12,zmap_r2__as0.5__svc__d12,zmap_r2__as0.5,id_test,10.0,0.909965964560412,0.008875608444213867,0.9,0.9038103791134775,0.8998702318204392,0.9034749034749034,0.951568413624992,0.9177456650151381,,,,
quantum,svc,12,zmap_r2__as0.5__svc__d12,zmap_r2__as0.5,ood_test,10.0,0.909965964560412,0.008875608444213867,0.928,0.9281554019457245,0.927989630506793,0.9288537549407114,0.9539810547875064,0.9324687660569976,,,,
quantum,gpc,12,zmap_r2__as0.5__gpc__d12,zmap_r2__as0.5,id_val,,,0.6794784069061279,0.908,0.9122137404580153,0.9078215425062922,0.9118773946360154,0.9676695105523125,0.9588898312672054,0.25494879115290764,0.07336458801643446,0.08370533103678272,0.37489318998717536
quantum,gpc,12,zmap_r2__as0.5__gpc__d12,zmap_r2__as0.5,id_test,,,0.6794784069061279,0.888,0.8927448842132273,0.8876476630713919,0.8939393939393939,0.9601000705625762,0.9538476658730595,0.2685256188940998,0.08032515257403941,0.057702848291962476,0.3644138635095166
quantum,gpc,12,zmap_r2__as0.5__gpc__d12,zmap_r2__as0.5,ood_test,,,0.6794784069061279,0.896,0.8966653865847414,0.8953958061764753,0.9033457249070632,0.9377400153609832,0.9049045593505529,0.28609680406232224,0.08282370405098986,0.065301427199775,0.3796672994406152
quantum,svc,12,zz_r1_full__svc__d12,zz_r1_full,id_val,1.0,0.8905789810188145,0.012920618057250977,0.852,0.8514657771505549,0.8515987229468482,0.8438818565400844,0.9431650522804541,0.9394500215722769,,,,
quantum,svc,12,zz_r1_full__svc__d12,zz_r1_full,id_test,1.0,0.8905789810188145,0.012920618057250977,0.868,0.8701969337353261,0.8679978879662075,0.8685258964143426,0.9545192122650588,0.944829565253212,,,,
quantum,svc,12,zz_r1_full__svc__d12,zz_r1_full,ood_test,1.0,0.8905789810188145,0.012920618057250977,0.868,0.8676395289298515,0.8676421042498917,0.8607594936708861,0.9627336149513568,0.9552237455048082,,,,
quantum,gpc,12,zz_r1_full__gpc__d12,zz_r1_full,id_val,,,0.5862894058227539,0.872,0.8736288408493168,0.8719918074756785,0.8709677419354839,0.95394188209635,0.946660421054695,0.4254997997423581,0.13465017651461314,0.1921344065612051,0.5552273102923583
quantum,gpc,12,zz_r1_full__gpc__d12,zz_r1_full,id_test,,,0.5862894058227539,0.876,0.8797549554172814,0.8758390874573447,0.8803088803088803,0.9567002373468472,0.9489222484509431,0.4153092801571451,0.12962779827960658,0.16364050773765593,0.5496368130126286
quantum,gpc,12,zz_r1_full__gpc__d12,zz_r1_full,ood_test,,,0.5862894058227539,0.846,0.8460701484895033,0.8459993839975359,0.846307385229541,0.9349878392217101,0.9246098294987947,0.43929503590256774,0.13820287567724318,0.2140269205012978,0.5742069710953875
quantum,svc,12,zz_r2_full__svc__d12,zz_r2_full,id_val,10.0,0.8198764785743066,0.015538692474365234,0.828,0.8204823914298544,0.8211284713555966,0.7860696517412935,0.9098081980883957,0.9203802135919618,,,,
quantum,svc,12,zz_r2_full__svc__d12,zz_r2_full,id_test,10.0,0.8198764785743066,0.015538692474365234,0.844,0.8395984347937648,0.8412336552083504,0.8202764976958525,0.933286291615883,0.925263783390619,,,,
quantum,svc,12,zz_r2_full__svc__d12,zz_r2_full,ood_test,10.0,0.8198764785743066,0.015538692474365234,0.76,0.7584485407066053,0.75,0.7,0.9371319764464926,0.9328727572708635,,,,
quantum,gpc,12,zz_r2_full__gpc__d12,zz_r2_full,id_val,,,0.5501663684844971,0.84,0.8373211880171916,0.838511724048834,0.8230088495575221,0.906536660465713,0.9145118760166264,0.5066065061122387,0.17003885343077177,0.1501149617628026,0.5963577602859766
quantum,gpc,12,zz_r2_full__gpc__d12,zz_r2_full,id_test,,,0.5501663684844971,0.864,0.8648405927256398,0.863921618852459,0.860655737704918,0.9363012380524729,0.9317464517717944,0.49794196376808825,0.16467121660577305,0.19586353331551667,0.5983737292633627
quantum,gpc,12,zz_r2_full__gpc__d12,zz_r2_full,ood_test,,,0.5501663684844971,0.798,0.7972990271377368,0.796199216275006,0.7770419426048565,0.9369559651817716,0.9276955106190454,0.5260182611867783,0.17661429204105242,0.14211311076343294,0.6161783727343582
quantum,svc,12,pauli_xz_r1_full__svc__d12,pauli_xz_r1_full,id_val,10.0,0.9097562245123175,0.009176969528198242,0.888,0.8881262428635577,0.8878205128205128,0.8833333333333333,0.9426518699082687,0.9184110164390008,,,,
quantum,svc,12,pauli_xz_r1_full__svc__d12,pauli_xz_r1_full,id_test,10.0,0.9097562245123175,0.009176969528198242,0.88,0.883186862531272,0.8799308401639344,0.8828125,0.9472063634614152,0.8998490614803067,,,,
quantum,svc,12,pauli_xz_r1_full__svc__d12,pauli_xz_r1_full,ood_test,10.0,0.9097562245123175,0.009176969528198242,0.926,0.9261072708653354,0.9259973359040925,0.9264413518886679,0.9622535842293907,0.9433180073039202,,,,
quantum,gpc,12,pauli_xz_r1_full__gpc__d12,pauli_xz_r1_full,id_val,,,0.8616175651550293,0.912,0.9144909872345885,0.9119943676395289,0.9126984126984127,0.9633716081852588,0.9525892544417822,0.27836490466810404,0.08044015413487703,0.08534424112899058,0.40386868408825466
quantum,gpc,12,pauli_xz_r1_full__gpc__d12,pauli_xz_r1_full,id_test,,,0.8616175651550293,0.884,0.8889280903200976,0.88358089120835,0.8905660377358491,0.9581114888703572,0.9506471446621704,0.2851359347525484,0.08542334195848977,0.07267891558755378,0.387399944495451
quantum,gpc,12,pauli_xz_r1_full__gpc__d12,pauli_xz_r1_full,ood_test,,,0.8616175651550293,0.904,0.9045378904249872,0.9036531513448414,0.909433962264151,0.9621255760368663,0.9517317300005975,0.27615814618595813,0.07823803957223192,0.12639604613377717,0.40080202593346964
quantum,svc,12,zmap_r2__svc__d12,zmap_r2,id_val,10.0,0.9094277798736812,0.010798931121826172,0.896,0.8961447174289563,0.8958333333333334,0.8916666666666667,0.9346975431393931,0.8919838853667528,,,,
quantum,svc,12,zmap_r2__svc__d12,zmap_r2,id_test,10.0,0.9094277798736812,0.010798931121826172,0.884,0.8862338828661236,0.8839981439703035,0.8844621513944223,0.9543267688754891,0.924105310956535,,,,
quantum,svc,12,zmap_r2__svc__d12,zmap_r2,ood_test,10.0,0.9094277798736812,0.010798931121826172,0.922,0.9220430107526881,0.921999687998752,0.9218436873747495,0.9620935739887352,0.9385356167107505,,,,
quantum,gpc,12,zmap_r2__gpc__d12,zmap_r2,id_val,,,0.5867691040039062,0.896,0.8984540381037911,0.8959933435739887,0.8968253968253969,0.9591378536147284,0.9484142406408078,0.29513324297273263,0.08561214615823584,0.1028611871028771,0.42441712611380344
quantum,gpc,12,zmap_r2__gpc__d12,zmap_r2,id_test,,,0.5867691040039062,0.884,0.8889280903200976,0.88358089120835,0.8905660377358491,0.95695682853294,0.9516944251176024,0.29543747919804014,0.0878771589708045,0.08525875360014205,0.40363132874204577
quantum,gpc,12,zmap_r2__gpc__d12,zmap_r2,ood_test,,,0.5867691040039062,0.934,0.934299795186892,0.9339405464918427,0.9359223300970874,0.9618375576036867,0.9520379483921397,0.28147157542756224,0.07790855176824386,0.1314154166112787,0.42749701104869464
quantum,svc,12,zz_r1_full__as2__svc__d12,zz_r1_full__as2,id_val,1.0,0.8471440321930764,0.012895822525024414,0.848,0.8430303419077555,0.8447813868374616,0.822429906542056,0.9411764705882353,0.9385050250791175,,,,
quantum,svc,12,zz_r1_full__as2__svc__d12,zz_r1_full__as2,id_test,1.0,0.8471440321930764,0.012895822525024414,0.848,0.8464943229200077,0.8472079258878024,0.8362068965517241,0.9511193790493296,0.934913570157249,,,,
quantum,svc,12,zz_r1_full__as2__svc__d12,zz_r1_full__as2,ood_test,1.0,0.8471440321930764,0.012895822525024414,0.78,0.7788018433179724,0.7745125371029371,0.7393364928909952,0.948780721966206,0.9416695773278848,,,,
quantum,gpc,12,zz_r1_full__as2__gpc__d12,zz_r1_full__as2,id_val,,,0.48490238189697266,0.872,0.8728590672910386,0.8719262295081966,0.8688524590163934,0.949836423118866,0.942827917545222,0.4714956266209292,0.15401851874395792,0.18204998055306498,0.5834710230747241
quantum,gpc,12,zz_r1_full__as2__gpc__d12,zz_r1_full__as2,id_test,,,0.48490238189697266,0.872,0.8755532747450125,0.8718687936446922,0.875968992248062,0.954968246840721,0.9452901089374676,0.46260063353212594,0.1489230725695242,0.20424175218104745,0.5828356283802935
quantum,gpc,12,zz_r1_full__as2__gpc__d12,zz_r1_full__as2,ood_test,,,0.48490238189697266,0.828,0.8278609831029186,0.8279008709016393,0.8237704918032787,0.9327316948284691,0.9218600860301425,0.4856478778950337,0.15798878579085288,0.24833266614485153,0.6024204124307133
quantum,svc,12,zz_r2_full__as2__svc__d12,zz_r2_full__as2,id_val,10.0,0.7995452237141633,0.014022588729858398,0.768,0.7566874077875425,0.7494643721058816,0.6813186813186813,0.9043556353839246,0.8988059261563526,,,,
quantum,svc,12,zz_r2_full__as2__svc__d12,zz_r2_full__as2,id_test,10.0,0.7995452237141633,0.014022588729858398,0.824,0.8170504843158638,0.8178325384207736,0.7843137254901961,0.9130797357110784,0.8933170468193663,,,,
quantum,svc,12,zz_r2_full__as2__svc__d12,zz_r2_full__as2,ood_test,10.0,0.7995452237141633,0.014022588729858398,0.746,0.7442396313364055,0.7323284056468169,0.6718346253229974,0.9135784690220173,0.9131981283017722,,,,
quantum,gpc,12,zz_r2_full__as2__gpc__d12,zz_r2_full__as2,id_val,,,0.4780867099761963,0.808,0.8098659311052665,0.808,0.808,0.9002501764064404,0.909343824056179,0.5366600737587817,0.18110038641929121,0.12595934863250297,0.622884770510933
quantum,gpc,12,zz_r2_full__as2__gpc__d12,zz_r2_full__as2,id_test,,,0.4780867099761963,0.796,0.7995702097632946,0.7957352729136962,0.803088803088803,0.9162871255372378,0.9181408328502156,0.5355444112472557,0.1793514280553537,0.18172600212847365,0.6276376390507721
quantum,gpc,12,zz_r2_full__as2__gpc__d12,zz_r2_full__as2,ood_test,,,0.4780867099761963,0.814,0.8142921146953406,0.8138324492042839,0.8194174757281554,0.9017217101894522,0.900590155005929,0.5549528521460525,0.18887622346021476,0.15088220005038538,0.6334637362506675
quantum,svc,12,pauli_xz_r1_full__as2__svc__d12,pauli_xz_r1_full__as2,id_val,1.0,0.9033473716088067,0.00764012336730957,0.892,0.8915581499775482,0.8917071762044568,0.8860759493670886,0.9399576624542948,0.9167220856662006,,,,
quantum,svc,12,pauli_xz_r1_full__as2__svc__d12,pauli_xz_r1_full__as2,id_test,1.0,0.9033473716088067,0.00764012336730957,0.876,0.8789851818590031,0.8759503801520608,0.8784313725490196,0.956315350567708,0.9449797898318479,,,,
quantum,svc,12,pauli_xz_r1_full__as2__svc__d12,pauli_xz_r1_full__as2,ood_test,1.0,0.9033473716088067,0.00764012336730957,0.904,0.9039298515104967,0.903975417706933,0.9024390243902439,0.9664778545826933,0.9573019138331416,,,,
quantum,gpc,12,pauli_xz_r1_full__as2__gpc__d12,pauli_xz_r1_full__as2,id_val,,,0.5391197204589844,0.88,0.8812624286355764,0.8799692721336663,0.8780487804878049,0.95836808005645,0.9510912543169219,0.34622134768245716,0.10416194019724336,0.1402048635515372,0.4796708991009585
quantum,gpc,12,pauli_xz_r1_full__as2__gpc__d12,pauli_xz_r1_full__as2,id_test,,,0.5391197204589844,0.872,0.8751683879658734,0.8719262295081966,0.875,0.9583039322599269,0.9542087459871023,0.33824231008799793,0.10221172062499373,0.11280897093656084,0.4629060163419014
quantum,gpc,12,pauli_xz_r1_full__as2__gpc__d12,pauli_xz_r1_full__as2,ood_test,,,0.5391197204589844,0.924,0.9242191500256016,0.923969587835134,0.9254901960784314,0.9595494111623144,0.9500770345865682,0.34452472350645325,0.10045573406104663,0.1806091760217721,0.49874004555379814
quantum,svc,12,zmap_r2__as2__svc__d12,zmap_r2__as2,id_val,10.0,0.8946082724452007,0.010487794876098633,0.88,0.8789531079607416,0.8795064584538268,0.8717948717948718,0.931297709923664,0.9164296495252049,,,,
quantum,svc,12,zmap_r2__as2__svc__d12,zmap_r2__as2,id_test,10.0,0.8946082724452007,0.010487794876098633,0.856,0.8572070049393803,0.8559631265603995,0.8536585365853658,0.9384822631342613,0.889051388947635,,,,
quantum,svc,12,zmap_r2__as2__svc__d12,zmap_r2__as2,ood_test,10.0,0.8946082724452007,0.010487794876098633,0.904,0.9038978494623655,0.9039615846338536,0.9020408163265307,0.9621415770609321,0.9612575771579746,,,,
quantum,gpc,12,zmap_r2__as2__gpc__d12,zmap_r2__as2,id_val,,,0.5650217533111572,0.884,0.8850792225287061,0.883953581432573,0.8816326530612245,0.9554814292129066,0.9487516550401398,0.3528394633838353,0.10716842360168272,0.1337281586375119,0.48546698290306284
quantum,gpc,12,zmap_r2__as2__gpc__d12,zmap_r2__as2,id_test,,,0.5650217533111572,0.872,0.8751683879658734,0.8719262295081966,0.875,0.9610622875104241,0.9574711972726473,0.3347060337957239,0.10070556425661067,0.12392503819004504,0.46347710480245224
quantum,gpc,12,zmap_r2__as2__gpc__d12,zmap_r2__as2,ood_test,,,0.5650217533111572,0.894,0.8940732206861239,0.8939995759983039,0.8942115768463074,0.9559971838197645,0.9477941080623841,0.34694691369835745,0.10196894253803207,0.16691096656150434,0.49734377051811307
